[gd_scene format=3 uid="uid://cqs50bgig7fcv"]

[ext_resource type="PackedScene" uid="uid://dvre4shd8agg2" path="res://scenes/rooms/base_room.tscn" id="1_ptbyv"]
[ext_resource type="PackedScene" uid="uid://mrn3nvs8n76" path="res://scenes/props/crates/large_crate.tscn" id="2_ec6hw"]
[ext_resource type="PackedScene" uid="uid://bu6g5h8et62ur" path="res://scenes/traps/spikes_trap.tscn" id="2_nlp3p"]
[ext_resource type="PackedScene" uid="uid://dsb27xa66l28m" path="res://scenes/props/structures/pillar.tscn" id="3_cq8kv"]
[ext_resource type="PackedScene" uid="uid://cty2xvbejnvbg" path="res://scenes/characters/enemies/goblin.tscn" id="3_kl4uk"]
[ext_resource type="PackedScene" uid="uid://ww8hovdjir8v" path="res://scenes/props/torch/torch.tscn" id="3_yx5px"]
[ext_resource type="PackedScene" uid="uid://bkjv50xux8dtw" path="res://scenes/characters/enemies/kobold.tscn" id="4_v7rfv"]
[ext_resource type="PackedScene" uid="uid://8jfohf71jest" path="res://scenes/props/decor/jail.tscn" id="4_ywcep"]
[ext_resource type="PackedScene" uid="uid://b1mix5jrjp3v3" path="res://scenes/props/decor/bench.tscn" id="5_j2ili"]
[ext_resource type="PackedScene" uid="uid://csc2tbrvwusxh" path="res://scenes/props/decor/grate.tscn" id="6_5vbo5"]
[ext_resource type="PackedScene" uid="uid://bkpg2xudqtdpm" path="res://scenes/props/decor/plank.tscn" id="7_jr40i"]
[ext_resource type="PackedScene" uid="uid://bqm3c3s5gulaw" path="res://scenes/props/decor/spiderweb.tscn" id="8_j2ili"]
[ext_resource type="PackedScene" uid="uid://cggpkb6pephps" path="res://scenes/props/crates/small_crate.tscn" id="9_ail6l"]
[ext_resource type="PackedScene" uid="uid://dtxlceyhstp3f" path="res://scenes/props/decor/chair.tscn" id="10_nlp3p"]
[ext_resource type="PackedScene" uid="uid://ci0wq7gvicf1p" path="res://scenes/props/barrel/barrel.tscn" id="11_yx5px"]
[ext_resource type="PackedScene" uid="uid://chvnearsmbbeh" path="res://scenes/props/decor/ruble.tscn" id="12_t1hg6"]
[ext_resource type="PackedScene" uid="uid://cr6h75g71d3vb" path="res://scenes/props/decor/bucket.tscn" id="13_kl4uk"]
[ext_resource type="PackedScene" uid="uid://bkg7jsbq7u5rl" path="res://scenes/equipment/pickable_axe.tscn" id="18_v7rfv"]

[sub_resource type="NavigationMesh" id="NavigationMesh_kl4uk"]
vertices = PackedVector3Array(1.75, 0.02, -8.25, 1.5, 0.02, -9.5, 0.75, 0.02, -9.5, 0.25, 0.02, -8.25, -1.25, 0.02, -2.75, -1.25, 0.02, -8.25, -2, 0.02, -2.25, -0.25, 0.02, -0.25, 2, 0.02, -0.5, 3.75, 0.02, -2.25, 3.5, 0.02, -8.25, 1, 0.02, 3.5, 1, 0.02, 2.5, 0.25, 0.02, 2.5, 0, 0.02, 3.5, -0.5, 0.02, 1.75, -6.25, 0.02, -2.25, -6.25, 0.02, 3.5, -3.5, 0.02, 3.5, -0.25, 0.02, 4, -3.25, 0.02, 4, 2, 0.02, 2.5, 2, 0.02, 3.5, 2.75, 0.02, 0.25, 2.75, 0.02, 1.75, 2.75, 0.02, 4.25, 4.5, 0.02, 5, 4.75, 0.02, 3.5, 2.75, 0.02, 5, 7.5, 0.02, 3.5, 7.5, 0.02, -2.25, 2.75, 0.02, 5.75, -2.25, 0.02, 8.75, -2.25, 0.02, 10.5, -1.5, 0.02, 10.5, -1.25, 0.02, 8.5, 4.5, 0.02, 8.5, 2, 0.02, 6.5, 0.25, 0.02, 6.5, -3.25, 0.02, 8.5, -0.5, 0.02, 5.75)
polygons = [PackedInt32Array(1, 0, 2), PackedInt32Array(2, 0, 3), PackedInt32Array(3, 0, 4), PackedInt32Array(4, 5, 3), PackedInt32Array(7, 6, 4), PackedInt32Array(7, 4, 8), PackedInt32Array(8, 4, 9), PackedInt32Array(9, 4, 0), PackedInt32Array(9, 0, 10), PackedInt32Array(12, 11, 13), PackedInt32Array(13, 11, 14), PackedInt32Array(7, 15, 6), PackedInt32Array(6, 15, 18), PackedInt32Array(6, 18, 17), PackedInt32Array(6, 17, 16), PackedInt32Array(14, 19, 13), PackedInt32Array(13, 19, 15), PackedInt32Array(15, 19, 20), PackedInt32Array(15, 20, 18), PackedInt32Array(22, 11, 21), PackedInt32Array(21, 11, 12), PackedInt32Array(23, 8, 9), PackedInt32Array(21, 24, 22), PackedInt32Array(22, 24, 25), PackedInt32Array(25, 24, 27), PackedInt32Array(25, 27, 26), PackedInt32Array(26, 28, 25), PackedInt32Array(24, 23, 27), PackedInt32Array(27, 23, 29), PackedInt32Array(29, 23, 9), PackedInt32Array(29, 9, 30), PackedInt32Array(31, 28, 26), PackedInt32Array(33, 32, 34), PackedInt32Array(34, 32, 35), PackedInt32Array(38, 37, 35), PackedInt32Array(35, 37, 36), PackedInt32Array(32, 39, 35), PackedInt32Array(35, 39, 40), PackedInt32Array(40, 39, 19), PackedInt32Array(19, 39, 20), PackedInt32Array(31, 26, 37), PackedInt32Array(37, 26, 36), PackedInt32Array(40, 38, 35)]
cell_height = 0.01

[node name="Cellar" unique_id=1869601789 instance=ExtResource("1_ptbyv")]

[node name="RoomNavigation" parent="." index="1" unique_id=434851523]
navigation_mesh = SubResource("NavigationMesh_kl4uk")

[node name="Floors" parent="RoomNavigation" index="0" unique_id=1733117505]
data = {
"cells": PackedInt32Array(65535, 65535, 655360, 65534, 65535, 655360, 65534, 0, 655360, 65535, 0, 655360, 0, 0, 655360, 0, 65535, 655360, 0, 65534, 655360, 65535, 65534, 655360, 65534, 65534, 655360, 1, 0, 655360, 1, 65535, 655360, 1, 65534, 655360, 1, 65533, 655360, 0, 65533, 655360, 65535, 65533, 655360, 65534, 1, 655360, 65535, 1, 655360, 0, 1, 655360, 1, 1, 655360, 65534, 65533, 1441795, 65533, 65533, 1441793, 65533, 65534, 655360, 65533, 65535, 655360, 65533, 0, 655360, 65535, 2, 655360, 2, 1, 655360, 2, 0, 655360, 2, 65535, 655360, 0, 2, 655360, 65534, 2, 655360, 65533, 1, 655360, 1, 2, 655360, 2, 65534, 655360, 2, 65533, 655360, 65533, 2, 655360, 65532, 2, 655360, 2, 2, 655360, 65532, 1, 655360, 65532, 0, 655360, 65532, 65535, 655360, 65532, 65534, 655360, 65532, 65533, 1441793, 3, 2, 655360, 3, 1, 655360, 3, 0, 655360, 3, 65535, 655360, 3, 65534, 655360, 3, 65533, 655363, 4, 2, 655360, 4, 1, 655360, 4, 0, 655360, 4, 65535, 655360, 4, 65534, 655360, 4, 65533, 1441793, 65531, 2, 655360, 65531, 1, 655360, 65531, 0, 655360, 65531, 65535, 655360, 65531, 65534, 655360, 65531, 65533, 1441793, 2, 65532, 1441792, 2, 65531, 1441792, 2, 65530, 1441792, 2, 65529, 1441792, 1, 65529, 655360, 1, 65528, 655360, 0, 65529, 655360, 0, 65530, 655360, 1, 65530, 655360, 1, 65531, 655360, 1, 65532, 655360, 0, 65532, 655360, 0, 65531, 655360, 0, 65528, 655360, 2, 65528, 1441792, 65535, 65528, 655360, 65534, 65528, 1, 65534, 65529, 1, 65534, 65530, 1, 65534, 65531, 1, 65535, 65531, 655360, 65535, 65532, 655360, 65535, 65530, 655360, 65535, 65529, 655360, 65534, 65532, 1, 5, 65533, 1441793, 5, 65534, 655360, 5, 65535, 655360, 5, 0, 655360, 5, 1, 655360, 5, 2, 655360, 6, 65533, 1441793, 6, 65534, 655360, 6, 65535, 655360, 6, 0, 655360, 6, 1, 655360, 6, 2, 655360, 6, 3, 1048577, 5, 3, 1048577, 4, 3, 1048579, 3, 3, 655360, 2, 3, 655360, 1, 3, 655360, 0, 3, 655360, 65535, 3, 655360, 65534, 3, 655360, 65533, 3, 655360, 65532, 3, 3, 65530, 65533, 1441793, 65529, 65533, 1441794, 65529, 65534, 1, 65529, 65535, 1, 65529, 0, 1, 65529, 1, 1, 65530, 65534, 655360, 65530, 65535, 655360, 65530, 0, 655360, 65530, 1, 655360, 65530, 2, 655360, 65531, 3, 1048577, 65530, 3, 1048577, 65529, 2, 1, 65529, 3, 2, 7, 65533, 655362, 7, 65534, 655361, 7, 65535, 655361, 7, 0, 655361, 7, 1, 655361, 7, 2, 655361, 7, 3, 1048578, 65532, 4, 1, 65532, 5, 1, 65532, 6, 1, 65532, 7, 1, 65532, 8, 2, 65533, 8, 3, 65534, 8, 1048579, 65535, 8, 1048577, 0, 8, 1048577, 1, 8, 1048577, 2, 8, 1048577, 3, 8, 1048577, 4, 8, 1048578, 4, 4, 655361, 4, 5, 655361, 4, 6, 655361, 4, 7, 655361, 3, 7, 655360, 2, 7, 655360, 1, 7, 655360, 0, 7, 655360, 65535, 7, 655360, 65534, 7, 655360, 65533, 7, 655360, 65533, 6, 655360, 65534, 6, 655360, 65535, 6, 655360, 0, 6, 655360, 1, 6, 655360, 2, 6, 655360, 3, 6, 655360, 3, 5, 655360, 3, 4, 655360, 2, 4, 655360, 1, 4, 655360, 0, 4, 655360, 65535, 4, 655360, 65534, 4, 655360, 65533, 4, 655360, 65533, 5, 655360, 65534, 5, 655360, 65535, 5, 655360, 0, 5, 655360, 1, 5, 655360, 2, 5, 655360, 65534, 9, 655361, 65533, 9, 1, 65533, 10, 1, 65534, 10, 655361, 2, 65527, 1441793, 65534, 65527, 1441794, 1, 65527, 655363, 0, 65527, 1441795, 65535, 65527, 1441793, 3, 65527, 655362, 3, 65528, 655361, 3, 65529, 655361, 3, 65530, 655361, 3, 65531, 655361, 3, 65532, 655361, 1, 65526, 655361, 0, 65526, 1)
}

[node name="SpikesTrap" parent="RoomNavigation" index="1" unique_id=1532410152 instance=ExtResource("2_nlp3p")]
transform = Transform3D(-4.371139e-08, 0, 1, 0, 1, 0, -1, 0, -4.371139e-08, 1.5241966, 0, 1)

[node name="SpikesTrap2" parent="RoomNavigation" index="2" unique_id=1484645678 instance=ExtResource("2_nlp3p")]
transform = Transform3D(-4.371139e-08, 0, 1, 0, 1, 0, -1, 0, -4.371139e-08, 1.5241966, 0, 5)

[node name="Goblin" parent="Enemies" parent_id_path=PackedInt32Array(2064123038) index="0" unique_id=1305714049 instance=ExtResource("3_kl4uk")]
transform = Transform3D(0.49999997, 0, 0.86602545, 0, 1, 0, -0.86602545, 0, 0.49999997, -4, 0, 0)

[node name="Goblin2" parent="Enemies" parent_id_path=PackedInt32Array(2064123038) index="1" unique_id=260891176 instance=ExtResource("3_kl4uk")]
transform = Transform3D(0.7071068, 0, -0.70710677, 0, 1, 0, 0.70710677, 0, 0.7071068, 6, 0, 0)

[node name="Kobold" parent="Enemies" parent_id_path=PackedInt32Array(2064123038) index="2" unique_id=557139547 instance=ExtResource("4_v7rfv")]
transform = Transform3D(1, 0, 0, 0, 1, 0, 0, 0, 1, 0, 0, -6)

[node name="Torch" parent="Lights" parent_id_path=PackedInt32Array(68944341) index="0" unique_id=1383287539 instance=ExtResource("3_yx5px")]
transform = Transform3D(-4.371139e-08, 0, -1, 0, 1, 0, 1, 0, -4.371139e-08, -4, 0, 5)

[node name="Torch2" parent="Lights" parent_id_path=PackedInt32Array(68944341) index="1" unique_id=1817794779 instance=ExtResource("3_yx5px")]
transform = Transform3D(-4.371139e-08, 0, -1, 0, 1, 0, 1, 0, -4.371139e-08, -2, 0, -7)

[node name="Torch3" parent="Lights" parent_id_path=PackedInt32Array(68944341) index="2" unique_id=2054369089 instance=ExtResource("3_yx5px")]
transform = Transform3D(1.1920929e-07, 0, 1, 0, 1, 0, -1, 0, 1.1920929e-07, 8, 0, 0)

[node name="LargeCrate" parent="Decor" parent_id_path=PackedInt32Array(1369690705) index="0" unique_id=318100283 instance=ExtResource("2_ec6hw")]
transform = Transform3D(0.70710677, 0, -0.70710677, 0, 1, 0, 0.70710677, 0, 0.70710677, 3, 0, -8)

[node name="LargeCrate2" parent="Decor" parent_id_path=PackedInt32Array(1369690705) index="1" unique_id=76627918 instance=ExtResource("2_ec6hw")]
transform = Transform3D(-0.49999994, 0, -0.8660254, 0, 1, 0, 0.8660254, 0, -0.49999994, 7, 0, 3)

[node name="pillar" parent="Decor" parent_id_path=PackedInt32Array(1369690705) index="2" unique_id=1383364199 instance=ExtResource("3_cq8kv")]
transform = Transform3D(1, 0, 0, 0, 1, 0, 0, 0, 1, 2, 0, 1)

[node name="pillar2" parent="Decor" parent_id_path=PackedInt32Array(1369690705) index="3" unique_id=371590949 instance=ExtResource("3_cq8kv")]
transform = Transform3D(1, 0, 0, 0, 1, 0, 0, 0, 1, 2, 0, 5)

[node name="Jail" parent="Decor" parent_id_path=PackedInt32Array(1369690705) index="4" unique_id=442165433 instance=ExtResource("4_ywcep")]
transform = Transform3D(1, 0, 0, 0, 1, 0, 0, 0, 1, -5, 1, 2)

[node name="Jail2" parent="Decor" parent_id_path=PackedInt32Array(1369690705) index="5" unique_id=263262760 instance=ExtResource("4_ywcep")]
transform = Transform3D(0.25881907, 0, -0.9659258, 0, 1, 0, 0.9659258, 0, 0.25881907, 4, 1, 7)

[node name="Bench" parent="Decor" parent_id_path=PackedInt32Array(1369690705) index="6" unique_id=1830525585 instance=ExtResource("5_j2ili")]
transform = Transform3D(0.49999997, 0, 0.86602545, 0, 1, 0, -0.86602545, 0, 0.49999997, 6, 0, -2)

[node name="Grate" parent="Decor" parent_id_path=PackedInt32Array(1369690705) index="7" unique_id=1107712500 instance=ExtResource("6_5vbo5")]

[node name="Grate2" parent="Decor" parent_id_path=PackedInt32Array(1369690705) index="8" unique_id=559104889 instance=ExtResource("6_5vbo5")]
transform = Transform3D(1, 0, 0, 0, 1, 0, 0, 0, 1, 0, 0, 7)

[node name="Plank" parent="Decor" parent_id_path=PackedInt32Array(1369690705) index="9" unique_id=401978218 instance=ExtResource("7_jr40i")]
transform = Transform3D(0.8660254, 0.5, -2.1855694e-08, 0, -4.371139e-08, -1, -0.5, 0.8660254, -3.7855173e-08, 2, 0, -7)

[node name="Plank2" parent="Decor" parent_id_path=PackedInt32Array(1369690705) index="10" unique_id=246585285 instance=ExtResource("7_jr40i")]
transform = Transform3D(1, 0, 0, 0, 0.067963004, -0.9976878, 0, 0.9976878, 0.067963004, 3, 0, -7)

[node name="Spiderweb" parent="Decor" parent_id_path=PackedInt32Array(1369690705) index="11" unique_id=1050656607 instance=ExtResource("8_j2ili")]
transform = Transform3D(0.49999997, 0, -0.86602545, 7.5710346e-08, -1, 4.3711385e-08, -0.86602545, -8.742278e-08, -0.49999997, 2.4564352, 2.9316921, 1)

[node name="Spiderweb2" parent="Decor" parent_id_path=PackedInt32Array(1369690705) index="12" unique_id=1635630590 instance=ExtResource("8_j2ili")]
transform = Transform3D(-0.86602545, -8.742278e-08, -0.49999994, 7.5710346e-08, -1, 4.3711385e-08, -0.49999994, 3.821371e-15, 0.86602545, 1.3672605, 2.9316921, 4)

[node name="SmallCrate" parent="Decor" parent_id_path=PackedInt32Array(1369690705) index="13" unique_id=2108371687 instance=ExtResource("9_ail6l")]
transform = Transform3D(0.49999997, 0, -0.86602545, 0, 1, 0, 0.86602545, 0, 0.49999997, 4, 0, 8)

[node name="SmallCrate2" parent="Decor" parent_id_path=PackedInt32Array(1369690705) index="14" unique_id=1219844452 instance=ExtResource("9_ail6l")]
transform = Transform3D(-5.9604645e-08, 0, -1, 0, 1, 0, 1, 0, -5.9604645e-08, 3, 0, 8.483459)

[node name="Chair" parent="Decor" parent_id_path=PackedInt32Array(1369690705) index="15" unique_id=2127585963 instance=ExtResource("10_nlp3p")]
transform = Transform3D(-0.70710677, 0, 0.70710677, 0, 1, 0, -0.70710677, 0, -0.70710677, -6, 0, -2)

[node name="Barrel" parent="Decor" parent_id_path=PackedInt32Array(1369690705) index="16" unique_id=1588726055 instance=ExtResource("11_yx5px")]
transform = Transform3D(1, 0, 0, 0, 1, 0, 0, 0, 1, -6, 0, 0)

[node name="Barrel2" parent="Decor" parent_id_path=PackedInt32Array(1369690705) index="17" unique_id=1050880733 instance=ExtResource("11_yx5px")]
transform = Transform3D(1, 0, 0, 0, 1, 0, 0, 0, 1, -6, 0, 3)

[node name="Barrel3" parent="Decor" parent_id_path=PackedInt32Array(1369690705) index="18" unique_id=2074632693 instance=ExtResource("11_yx5px")]
transform = Transform3D(1, 0, 0, 0, 1, 0, 0, 0, 1, -3, 0, 8)

[node name="Barrel4" parent="Decor" parent_id_path=PackedInt32Array(1369690705) index="19" unique_id=1141559696 instance=ExtResource("11_yx5px")]
transform = Transform3D(1, 0, 0, 0, 1, 0, 0, 0, 1, -3, 0, 7)

[node name="Ruble" parent="Decor" parent_id_path=PackedInt32Array(1369690705) index="20" unique_id=804873487 instance=ExtResource("12_t1hg6")]
transform = Transform3D(1, 0, 0, 0, 1, 0, 0, 0, 1, 7, 0, -3)

[node name="Ruble2" parent="Decor" parent_id_path=PackedInt32Array(1369690705) index="21" unique_id=1179991194 instance=ExtResource("12_t1hg6")]
transform = Transform3D(-4.371139e-08, 0, -1, 0, 1, 0, 1, 0, -4.371139e-08, 0, 0, 8.357736)

[node name="Bucket" parent="Decor" parent_id_path=PackedInt32Array(1369690705) index="22" unique_id=1548985006 instance=ExtResource("13_kl4uk")]
transform = Transform3D(1, 0, 0, 0, 1, 0, 0, 0, 1, -4.222723, 0, -2.3343115)

[node name="PickableAxe" parent="Decor" parent_id_path=PackedInt32Array(1369690705) index="23" unique_id=598076793 instance=ExtResource("18_v7rfv")]
transform = Transform3D(1, 0, 0, 0, 0.42011747, -0.90746975, 0, 0.90746975, 0.42011747, 2.0268617, 0.3698511, 1.9912987)
