[gd_scene format=3 uid="uid://g02aihansf2i"]

[ext_resource type="PackedScene" uid="uid://dvre4shd8agg2" path="res://scenes/rooms/base_room.tscn" id="1_h00ee"]
[ext_resource type="PackedScene" uid="uid://ww8hovdjir8v" path="res://scenes/props/torch/torch.tscn" id="2_i7cix"]
[ext_resource type="PackedScene" uid="uid://cty2xvbejnvbg" path="res://scenes/characters/enemies/goblin.tscn" id="2_pb3cb"]
[ext_resource type="PackedScene" uid="uid://bkjv50xux8dtw" path="res://scenes/characters/enemies/kobold.tscn" id="3_84ewj"]
[ext_resource type="PackedScene" uid="uid://bu6g5h8et62ur" path="res://scenes/traps/spikes_trap.tscn" id="3_r0hhy"]
[ext_resource type="PackedScene" uid="uid://mrn3nvs8n76" path="res://scenes/props/crates/large_crate.tscn" id="4_s3lu6"]
[ext_resource type="PackedScene" uid="uid://8jfohf71jest" path="res://scenes/props/decor/jail.tscn" id="5_tvejm"]
[ext_resource type="PackedScene" uid="uid://cio78080nmm8l" path="res://scenes/props/decor/bones.tscn" id="6_2tsxv"]
[ext_resource type="PackedScene" uid="uid://dylwsspdhk0un" path="res://scenes/props/decor/table.tscn" id="7_pb3cb"]
[ext_resource type="PackedScene" uid="uid://bmdk5lkr5cmaq" path="res://scenes/props/decor/candles.tscn" id="8_84ewj"]
[ext_resource type="PackedScene" uid="uid://ci0wq7gvicf1p" path="res://scenes/props/barrel/barrel.tscn" id="9_7m66x"]
[ext_resource type="PackedScene" uid="uid://bkpg2xudqtdpm" path="res://scenes/props/decor/plank.tscn" id="10_r0hhy"]
[ext_resource type="PackedScene" uid="uid://dtxlceyhstp3f" path="res://scenes/props/decor/chair.tscn" id="11_tvejm"]
[ext_resource type="PackedScene" uid="uid://chvnearsmbbeh" path="res://scenes/props/decor/ruble.tscn" id="12_2tsxv"]
[ext_resource type="PackedScene" uid="uid://c8yk6ihllva1h" path="res://scenes/equipment/pickable_sword.tscn" id="15_84ewj"]
[ext_resource type="PackedScene" uid="uid://csc2tbrvwusxh" path="res://scenes/props/decor/grate.tscn" id="16_7m66x"]
[ext_resource type="PackedScene" uid="uid://bqm3c3s5gulaw" path="res://scenes/props/decor/spiderweb.tscn" id="17_5bcd6"]
[ext_resource type="PackedScene" uid="uid://bkg7jsbq7u5rl" path="res://scenes/equipment/pickable_axe.tscn" id="18_2e0ql"]

[sub_resource type="NavigationMesh" id="NavigationMesh_pb3cb"]
vertices = PackedVector3Array(4, 0.5, -0.75, 4, 0.5, 0, 4.5, 0.5, 0, 4.5, 0.5, -4.25, -2.5, 0.5, -2.25, -1.5, 0.5, -2.5, -1.5, 0.5, -3.25, -3.75, 0.5, -1.25, -2.5, 0.5, -1.5, 1.25, 0.5, -3.75, 1.5, 0.5, -2.5, 2.5, 0.5, -2.5, 2.5, 0.5, -4.5, -5.25, 0.5, -0.25, -4, 0.5, 0, 2.75, 0.5, -1.5, -3.75, 0.5, -4.25, -5.25, 0.5, -4.25, -3.25, 0.5, -4.75, -0.75, 0.5, -4, 2.5, 0.5, -6.25, -3.25, 0.5, -6.25, -1, 0.5, -1, -1, 0.5, 1, 1, 0.5, 1, 1, 0.5, -1, -2.5, 0.5, 2.5, -2.5, 0.5, 1.5, -3.25, 0.5, 1.5, -1.5, 0.5, 3.5, -1.5, 0.5, 2.75, -3.25, 0.5, 4.75, -2.25, 0.5, 5.5, 3.75, 0.5, 1.25, 4.5, 0.5, 4.5, -4, 0.5, 0.75, 2.25, 0.5, 2.75, 1.5, 0.5, 2.75, 0.75, 0.5, 4, 2.5, 0.5, 4.75, 2.75, 0.5, 1.5, -3.25, 0.5, 7.5, -2.5, 0.5, 7.5, 0.5, 0.5, 5.5, -0.75, 0.5, 4, 0.75, 0.5, 6.5, 2.5, 0.5, 6.5, -5.25, 0.5, 4.5)
polygons = [PackedInt32Array(1, 0, 2), PackedInt32Array(2, 0, 3), PackedInt32Array(4, 6, 5), PackedInt32Array(4, 8, 7), PackedInt32Array(10, 9, 11), PackedInt32Array(11, 9, 12), PackedInt32Array(7, 14, 13), PackedInt32Array(15, 11, 0), PackedInt32Array(0, 11, 12), PackedInt32Array(0, 12, 3), PackedInt32Array(4, 7, 6), PackedInt32Array(6, 7, 16), PackedInt32Array(16, 7, 17), PackedInt32Array(17, 7, 13), PackedInt32Array(16, 18, 6), PackedInt32Array(6, 18, 19), PackedInt32Array(12, 9, 20), PackedInt32Array(20, 9, 19), PackedInt32Array(20, 19, 18), PackedInt32Array(20, 18, 21), PackedInt32Array(25, 24, 22), PackedInt32Array(22, 24, 23), PackedInt32Array(28, 27, 26), PackedInt32Array(30, 29, 26), PackedInt32Array(26, 29, 31), PackedInt32Array(31, 29, 32), PackedInt32Array(1, 2, 33), PackedInt32Array(33, 2, 34), PackedInt32Array(13, 14, 35), PackedInt32Array(37, 36, 38), PackedInt32Array(38, 36, 39), PackedInt32Array(40, 33, 36), PackedInt32Array(36, 33, 39), PackedInt32Array(39, 33, 34), PackedInt32Array(42, 41, 32), PackedInt32Array(32, 41, 31), PackedInt32Array(44, 38, 43), PackedInt32Array(45, 43, 46), PackedInt32Array(46, 43, 39), PackedInt32Array(39, 43, 38), PackedInt32Array(29, 44, 32), PackedInt32Array(32, 44, 43), PackedInt32Array(28, 26, 35), PackedInt32Array(35, 26, 13), PackedInt32Array(13, 26, 31), PackedInt32Array(13, 31, 47)]

[node name="CenterPillarRoom" unique_id=1869601789 instance=ExtResource("1_h00ee")]

[node name="RoomNavigation" parent="." index="1" unique_id=434851523]
navigation_mesh = SubResource("NavigationMesh_pb3cb")

[node name="Floors" parent="RoomNavigation" index="0" unique_id=1733117505]
data = {
"cells": PackedInt32Array(65535, 0, 1441792, 0, 0, 1441792, 0, 65535, 1441792, 0, 65534, 1048576, 65535, 65534, 1048576, 65535, 65535, 1441792, 65535, 1, 1441792, 0, 1, 1441792, 1, 1, 1441792, 1, 0, 0, 1, 65535, 0, 65534, 65534, 1048576, 65534, 65535, 655360, 65534, 0, 1441792, 65534, 1, 1441792, 1, 65534, 1048576, 65533, 65534, 655361, 65533, 65533, 1048579, 65533, 65535, 655361, 65533, 0, 655361, 65533, 1, 655361, 65532, 65533, 1441792, 65532, 65534, 1441792, 65532, 65535, 1441792, 65532, 0, 1441792, 65532, 1, 1441792, 65532, 2, 1441792, 65533, 2, 655363, 65534, 2, 1441793, 65535, 2, 1441793, 0, 2, 1441793, 1, 2, 1441793, 1, 3, 1441792, 0, 3, 1441792, 65535, 3, 1441792, 65534, 3, 1441792, 65533, 3, 1441792, 65532, 3, 1441792, 2, 3, 1441792, 2, 2, 1441795, 2, 1, 1, 2, 0, 1, 2, 65535, 1, 2, 65534, 1, 3, 65534, 1441792, 3, 65535, 1441792, 3, 0, 1441792, 3, 1, 1441792, 3, 2, 1441792, 3, 3, 1441792, 3, 65533, 1441792, 2, 65533, 3, 1, 65533, 1048577, 0, 65533, 1048577, 65535, 65533, 1048577, 65534, 65533, 1048577, 3, 65532, 0, 2, 65532, 0, 1, 65532, 0, 1, 65531, 0, 0, 65531, 0, 65535, 65531, 0, 65534, 65531, 0, 65533, 65531, 0, 65533, 65532, 0, 65532, 65532, 0, 65534, 65532, 0, 65535, 65532, 0, 0, 65532, 0, 3, 65531, 1441793, 2, 65531, 655363, 65532, 65531, 1441795, 4, 65532, 655361, 4, 65533, 655361, 4, 65534, 655361, 4, 65535, 655361, 4, 0, 655361, 4, 1, 655361, 4, 2, 655361, 4, 65531, 655362, 4, 3, 655361, 4, 4, 1048578, 3, 4, 1048577, 2, 4, 1048579, 1, 4, 0, 0, 4, 0, 65535, 4, 0, 65534, 4, 0, 65533, 4, 0, 65532, 4, 3, 65531, 4, 1048577, 65531, 3, 0, 65531, 2, 0, 65531, 1, 0, 65530, 1, 1, 65530, 0, 1, 65530, 65535, 1, 65530, 65534, 1, 65530, 65533, 1, 65530, 65532, 1, 65531, 65532, 0, 65531, 65531, 1441793, 65531, 65533, 0, 65531, 65534, 0, 65531, 65535, 0, 65531, 0, 0, 65530, 65531, 1441794, 65530, 2, 1, 65530, 3, 1, 65530, 4, 2, 65532, 5, 1, 65532, 6, 1, 65533, 6, 655361, 65533, 5, 1048579, 2, 5, 655361, 2, 6, 1048578, 1, 6, 1048577, 0, 6, 2, 1, 5, 0, 0, 5, 3, 2, 65530, 655361, 1, 65530, 0, 0, 65530, 0, 65535, 65530, 0, 65534, 65530, 0, 65533, 65530, 0, 65532, 65530, 1, 65532, 65529, 1441794, 65533, 65529, 1441793, 65534, 65529, 1441793, 65535, 65529, 1441793, 2, 65529, 655362, 1, 65529, 1441793, 0, 65529, 1441793, 65533, 7, 655361, 65532, 7, 1, 65535, 5, 1048577, 65534, 5, 1048577)
}

[node name="SpikesTrap" parent="RoomNavigation" index="1" unique_id=1532410152 instance=ExtResource("3_r0hhy")]
transform = Transform3D(1, 0, 0, 0, 1, 0, 0, 0, 1, 0, 0, -2)

[node name="SpikesTrap2" parent="RoomNavigation" index="2" unique_id=1647364232 instance=ExtResource("3_r0hhy")]
transform = Transform3D(-1, 0, -8.742278e-08, 0, 1, 0, 8.742278e-08, 0, -1, 0, 0, 2)

[node name="SpikesTrap3" parent="RoomNavigation" index="3" unique_id=265167512 instance=ExtResource("3_r0hhy")]
transform = Transform3D(-4.371139e-08, 0, -1, 0, 1, 0, 1, 0, -4.371139e-08, 2, 0, 8.742278e-08)

[node name="SpikesTrap4" parent="RoomNavigation" index="4" unique_id=568829661 instance=ExtResource("3_r0hhy")]
transform = Transform3D(-4.371139e-08, 0, 1, 0, 1, 0, -1, 0, -4.371139e-08, -2, 0, -8.742278e-08)

[node name="Goblin" parent="Enemies" parent_id_path=PackedInt32Array(2064123038) index="0" unique_id=1305714049 instance=ExtResource("2_pb3cb")]
transform = Transform3D(-0.25881907, 0, -0.9659258, 0, 1, 0, 0.9659258, 0, -0.25881907, 0, 0, 4)

[node name="Kobold" parent="Enemies" parent_id_path=PackedInt32Array(2064123038) index="1" unique_id=273030357 instance=ExtResource("3_84ewj")]
transform = Transform3D(1, 0, 0, 0, 1, 0, 0, 0, 1, -3, 0, -3)

[node name="Kobold2" parent="Enemies" parent_id_path=PackedInt32Array(2064123038) index="2" unique_id=869731355 instance=ExtResource("3_84ewj")]
transform = Transform3D(0.8660254, 0, -0.5, 0, 1, 0, 0.5, 0, 0.8660254, 3, 0, -3)

[node name="Torch" parent="Lights" parent_id_path=PackedInt32Array(68944341) index="0" unique_id=1383287539 instance=ExtResource("2_i7cix")]
transform = Transform3D(0, 0, 1.0000001, 0, 1, 0, -1.0000001, 0, 0, 5, 0, 1)

[node name="Torch2" parent="Lights" parent_id_path=PackedInt32Array(68944341) index="1" unique_id=2144366976 instance=ExtResource("2_i7cix")]
transform = Transform3D(8.940697e-08, 0, -1.0000001, 0, 1, 0, 1.0000001, 0, 8.940697e-08, -6, 0, 3)

[node name="Torch3" parent="Lights" parent_id_path=PackedInt32Array(68944341) index="2" unique_id=1900458986 instance=ExtResource("2_i7cix")]
transform = Transform3D(8.940697e-08, 0, -1.0000001, 0, 1, 0, 1.0000001, 0, 8.940697e-08, -6, 0, -2)

[node name="Torch4" parent="Lights" parent_id_path=PackedInt32Array(68944341) index="3" unique_id=197765013 instance=ExtResource("2_i7cix")]
transform = Transform3D(-1.0000001, 0, -8.940697e-08, 0, 1, 0, 8.940697e-08, 0, -1.0000001, -1, 0, -7)

[node name="LargeCrate" parent="Decor" parent_id_path=PackedInt32Array(1369690705) index="0" unique_id=318100283 instance=ExtResource("4_s3lu6")]
transform = Transform3D(0.8660254, 0, -0.5, 0, 1, 0, 0.5, 0, 0.8660254, -5, 0, -4)

[node name="Jail" parent="Decor" parent_id_path=PackedInt32Array(1369690705) index="1" unique_id=442165433 instance=ExtResource("5_tvejm")]
transform = Transform3D(-0.50000006, 0, 0.8660254, 0, 1, 0, -0.8660254, 0, -0.50000006, -5, 1, 0)

[node name="Bones" parent="Decor" parent_id_path=PackedInt32Array(1369690705) index="2" unique_id=987850209 instance=ExtResource("6_2tsxv")]
transform = Transform3D(0.7096076, 0, 0.70459706, 0.18948011, 0.96316254, -0.19082755, -0.6786415, 0.26891983, 0.68346745, -5, 1.0437932, 0)

[node name="Bones2" parent="Decor" parent_id_path=PackedInt32Array(1369690705) index="3" unique_id=1494686678 instance=ExtResource("6_2tsxv")]
transform = Transform3D(0.57886845, 5.5759465e-08, -0.8154209, -2.2626683e-08, -1, -8.444392e-08, -0.8154209, 6.733219e-08, -0.57886845, 1.5283508, 0.14509535, 6)

[node name="Table" parent="Decor" parent_id_path=PackedInt32Array(1369690705) index="4" unique_id=637275370 instance=ExtResource("7_pb3cb")]
transform = Transform3D(0.9659258, 0, 0.25881904, 0, 1, 0, -0.25881904, 0, 0.9659258, 1.694658, 0, 6)

[node name="Candles" parent="Decor" parent_id_path=PackedInt32Array(1369690705) index="5" unique_id=1444555783 instance=ExtResource("8_84ewj")]
transform = Transform3D(1, 0, 0, 0, 1, 0, 0, 0, 1, 2, 0.9904355, 6)

[node name="Barrel" parent="Decor" parent_id_path=PackedInt32Array(1369690705) index="6" unique_id=1588726055 instance=ExtResource("9_7m66x")]
transform = Transform3D(1, 0, 0, 0, 1, 0, 0, 0, 1, 4, 0, 4)

[node name="Barrel3" parent="Decor" parent_id_path=PackedInt32Array(1369690705) index="7" unique_id=489220323 instance=ExtResource("9_7m66x")]
transform = Transform3D(1, 0, 0, 0, 1, 0, 0, 0, 1, 1, 0, -6)

[node name="Barrel4" parent="Decor" parent_id_path=PackedInt32Array(1369690705) index="8" unique_id=703939644 instance=ExtResource("9_7m66x")]
transform = Transform3D(1, 0, 0, 0, 1, 0, 0, 0, 1, 0, 0, -6)

[node name="Barrel2" parent="Decor" parent_id_path=PackedInt32Array(1369690705) index="9" unique_id=671401934 instance=ExtResource("9_7m66x")]
transform = Transform3D(1, 0, 0, 0, 1, 0, 0, 0, 1, -5.4027615, 0, 4)

[node name="Plank" parent="Decor" parent_id_path=PackedInt32Array(1369690705) index="10" unique_id=401978218 instance=ExtResource("10_r0hhy")]
transform = Transform3D(1, 0, 0, 0, 0.9690028, -0.24704975, 0, 0.24704975, 0.9690028, -0.702044, 0, 5.4991736)

[node name="Plank2" parent="Decor" parent_id_path=PackedInt32Array(1369690705) index="11" unique_id=1864578494 instance=ExtResource("10_r0hhy")]
transform = Transform3D(-4.199403e-08, 0.50628966, 0.86236346, 1.2132067e-08, 0.86236346, -0.50628966, -1, -1.0798886e-08, -4.2356454e-08, 2.031743, 0, -5.1700606)

[node name="Chair" parent="Decor" parent_id_path=PackedInt32Array(1369690705) index="12" unique_id=2127585963 instance=ExtResource("11_tvejm")]
transform = Transform3D(0.8570594, 0, -0.51521766, 0, 1, 0, 0.51521766, 0, 0.8570594, 1.8150436, 0.09977579, 4.597795)

[node name="Ruble" parent="Decor" parent_id_path=PackedInt32Array(1369690705) index="13" unique_id=804873487 instance=ExtResource("12_2tsxv")]
transform = Transform3D(1, 0, 0, 0, 1, 0, 0, 0, 1, 2, 0, -6)

[node name="PickableSword" parent="Decor" parent_id_path=PackedInt32Array(1369690705) index="14" unique_id=1900137531 instance=ExtResource("15_84ewj")]
transform = Transform3D(0.5986602, 0, -0.8010031, 0, 1, 0, 0.8010031, 0, 0.5986602, -5.43928, 1, -3.6716874)

[node name="Grate" parent="Decor" parent_id_path=PackedInt32Array(1369690705) index="15" unique_id=1107712500 instance=ExtResource("16_7m66x")]
transform = Transform3D(1, 0, 0, 0, 1, 0, 0, 0, 1, -4, 0, 2)

[node name="Grate2" parent="Decor" parent_id_path=PackedInt32Array(1369690705) index="16" unique_id=1562742046 instance=ExtResource("16_7m66x")]
transform = Transform3D(1, 0, 0, 0, 1, 0, 0, 0, 1, -4, 0, -2)

[node name="Spiderweb" parent="Decor" parent_id_path=PackedInt32Array(1369690705) index="17" unique_id=1050656607 instance=ExtResource("17_5bcd6")]
transform = Transform3D(0.49999997, 0, -0.86602545, 0, 1, 0, 0.86602545, 0, 0.49999997, -3, 1, 7)

[node name="Spiderweb2" parent="Decor" parent_id_path=PackedInt32Array(1369690705) index="18" unique_id=765675891 instance=ExtResource("17_5bcd6")]
transform = Transform3D(0.25881898, 0, -0.9659258, 0, 1, 0, 0.9659258, 0, 0.25881898, -3, 1, 1)

[node name="Spiderweb3" parent="Decor" parent_id_path=PackedInt32Array(1369690705) index="19" unique_id=1224749706 instance=ExtResource("17_5bcd6")]
transform = Transform3D(-0.85897756, 0, 0.51201284, 0, 1, 0, -0.51201284, 0, -0.85897756, -2.8450806, 0, -6.989593)

[node name="PickableAxe" parent="Decor" parent_id_path=PackedInt32Array(1369690705) index="20" unique_id=878475409 instance=ExtResource("18_2e0ql")]
transform = Transform3D(0.99991435, 0.012643579, 0.0033878372, 0, 0.25881907, -0.9659258, -0.013089596, 0.9658431, 0.2587969, -1, 0, 2.2821448)
