[gd_scene format=3 uid="uid://bskrm716eop4r"]

[ext_resource type="PackedScene" uid="uid://dvre4shd8agg2" path="res://scenes/rooms/base_room.tscn" id="1_5doc6"]
[ext_resource type="PackedScene" uid="uid://cty2xvbejnvbg" path="res://scenes/characters/enemies/goblin.tscn" id="2_n7vah"]
[ext_resource type="Resource" uid="uid://bmre07o38bl3s" path="res://data/weapons/shortsword.tres" id="3_nipdr"]
[ext_resource type="PackedScene" uid="uid://cgacgosoajhu4" path="res://scenes/traps/acid_trap.tscn" id="4_nipdr"]
[ext_resource type="PackedScene" uid="uid://ww8hovdjir8v" path="res://scenes/props/torch/torch.tscn" id="5_x1u18"]

[sub_resource type="NavigationMesh" id="NavigationMesh_5doc6"]
vertices = PackedVector3Array(1.25, 0.01999998, -3.5, 1.5, 0.01999998, -3, 3, 0.01999998, -5.25, 2.5, 0.01999998, -5.5, -1.5, 0.01999998, -3.25, -2.25, 0.01999998, -5.75, -2.75, 0.01999998, -5.25, -2.5, 0.01999998, 3.5, -2.25, 0.01999998, 6.25, -0.75, 0.01999998, 6.5, 2.5, 0.01999998, 3.75, 3, 0.01999998, 3.5, 1.5, 0.01999998, 0.25, 2.5, 0.01999998, 6.25, -1.5, 0.01999998, 0.25, 2.5, 0.01999998, -8.25, -2.25, 0.01999998, -8.25, -5.25, 0.01999998, -5.25, -5.25, 0.01999998, 3.5, 8.5, 0.01999998, 3.5, 8.5, 0.01999998, -5.25, -0.25, -2.98, -2.25, -0.25, -2.98, -0.5, 0.5, -2.98, -0.5, 0.5, -2.98, -2.25)
polygons = [PackedInt32Array(3, 2, 0), PackedInt32Array(0, 2, 1), PackedInt32Array(4, 6, 5), PackedInt32Array(9, 8, 7), PackedInt32Array(12, 11, 10), PackedInt32Array(13, 9, 10), PackedInt32Array(10, 9, 7), PackedInt32Array(10, 7, 14), PackedInt32Array(10, 14, 12), PackedInt32Array(4, 5, 0), PackedInt32Array(0, 5, 3), PackedInt32Array(3, 5, 16), PackedInt32Array(3, 16, 15), PackedInt32Array(6, 4, 17), PackedInt32Array(17, 4, 14), PackedInt32Array(17, 14, 7), PackedInt32Array(17, 7, 18), PackedInt32Array(1, 2, 12), PackedInt32Array(12, 2, 11), PackedInt32Array(11, 2, 20), PackedInt32Array(11, 20, 19), PackedInt32Array(24, 23, 21), PackedInt32Array(21, 23, 22)]
cell_height = 0.01

[node name="Foyer" unique_id=1869601789 instance=ExtResource("1_5doc6")]

[node name="RoomNavigation" parent="." index="1" unique_id=434851523]
navigation_mesh = SubResource("NavigationMesh_5doc6")

[node name="Floors" parent="RoomNavigation" index="0" unique_id=1733117505]
data = {
"cells": PackedInt32Array(65531, 65531, 1441792, 65532, 65531, 1441792, 65533, 65531, 1441792, 65534, 65531, 1441792, 65535, 65531, 1441792, 0, 65531, 1441792, 1, 65531, 1441792, 2, 65531, 1441792, 3, 65531, 1441792, 4, 65531, 1441792, 5, 65531, 1441792, 5, 65532, 1441792, 5, 65533, 1441792, 5, 65534, 1441792, 5, 65535, 1441792, 5, 0, 1441792, 6, 0, 1441792, 6, 1, 1441792, 6, 2, 1441792, 5, 2, 1441792, 4, 2, 1441792, 3, 2, 1441792, 2, 2, 1441792, 1, 1, 1441792, 0, 1, 1441792, 65535, 1, 1441792, 65534, 1, 1441792, 65533, 0, 1441792, 65532, 0, 1441792, 65534, 65535, 1441792, 65535, 65535, 5, 0, 65535, 1048581, 1, 65535, 1441792, 2, 65535, 1441792, 3, 65535, 1441792, 4, 65535, 1441792, 4, 65533, 1441792, 3, 65533, 1441792, 2, 65533, 1441792, 1, 65533, 1441792, 0, 65533, 655365, 65535, 65533, 1441797, 65535, 65534, 4, 65534, 65534, 1441792, 0, 65534, 655364, 2, 65532, 1441792, 1, 65532, 1441792, 0, 65532, 1441792, 3, 65532, 1441792, 4, 65532, 1441792, 4, 65534, 1441792, 3, 65534, 1441792, 4, 0, 1441792, 4, 1, 1441792, 3, 1, 1441792, 3, 0, 1441792, 2, 0, 1441792, 1, 0, 1441792, 1, 65534, 1441792, 2, 65534, 1441792, 5, 1, 1441792, 2, 1, 1441792, 65535, 0, 1441792, 65534, 0, 1441792, 0, 0, 1441792, 65534, 65533, 1441792, 65534, 65532, 1441792, 65533, 65532, 1441792, 65535, 65532, 1441792, 65532, 65532, 1441792, 65531, 65532, 1441792, 65531, 65533, 1441792, 65532, 65534, 1441792, 65533, 65534, 1441792, 65533, 65533, 1441792, 65532, 65533, 1441792, 65531, 65534, 1441792, 65531, 65535, 1441792, 65532, 65535, 1441792, 65533, 65535, 1441792, 65531, 0, 1441792, 65533, 1, 1441792, 65532, 1, 1441792, 65531, 1, 1441792, 6, 65531, 1441792, 6, 65532, 1441792, 6, 65533, 1441792, 6, 65534, 1441792, 6, 65535, 1441792, 7, 65531, 1441792, 7, 65532, 1441792, 7, 65533, 1441792, 7, 65534, 1441792, 7, 65535, 1441792, 7, 0, 1441792, 7, 1, 1441792, 65534, 2, 1441792, 65535, 2, 1441792, 0, 2, 1441792, 1, 2, 1441792, 1, 3, 1441792, 1, 4, 1441792, 0, 4, 1441792, 65535, 4, 1441792, 65534, 4, 1441792, 65534, 3, 1441792, 65535, 3, 1441792, 0, 3, 1441792, 0, 65530, 1441792, 0, 65529, 1441792, 0, 65528, 1441792, 65535, 65529, 1441792, 65535, 65530, 1441792, 65534, 65530, 1441792, 65534, 65529, 1441792, 65535, 65528, 1441792, 65534, 65528, 1441792, 1, 65530, 1441792, 1, 65529, 1441792, 1, 65528, 1441792, 65533, 2, 1441792, 65532, 2, 1441792, 65531, 2, 1441792, 65534, 5, 1441792, 65535, 5, 1441792, 0, 5, 1441792, 1, 5, 1441792, 7, 2, 1441792, 8, 2, 655361, 8, 3, 1048578, 7, 65530, 1441793, 8, 65530, 655362, 2, 65527, 655362, 65533, 65527, 1441794, 65530, 65530, 1441794, 65530, 3, 2, 65533, 6, 2, 2, 6, 1048578, 8, 1, 655361, 8, 0, 655361, 8, 65535, 655361, 8, 65534, 655361, 8, 65533, 655361, 8, 65532, 655361, 8, 65531, 655361, 6, 65530, 1441793, 5, 65530, 1441793, 4, 65530, 1441793, 3, 65530, 1441793, 2, 65529, 655361, 2, 65528, 655361, 1, 65527, 1441793, 0, 65527, 1441793, 65535, 65527, 1441793, 65534, 65527, 1441793, 65533, 65528, 1, 65533, 65529, 1, 65533, 65530, 1441795, 65532, 65530, 1441793, 65531, 65530, 1441793, 65530, 65531, 1, 65530, 65532, 1, 65530, 65533, 1, 65530, 65534, 1, 65530, 65535, 1, 65530, 0, 1, 65530, 1, 1, 65530, 2, 1, 65531, 3, 1048577, 65532, 3, 1048577, 65533, 3, 3, 65533, 5, 1, 65533, 4, 1, 65534, 6, 1048577, 1, 6, 1048577, 2, 5, 655361, 2, 4, 655361, 3, 3, 1048577, 4, 3, 1048577, 5, 3, 1048577, 6, 3, 1048577, 7, 3, 1048577, 2, 3, 1048579, 2, 65530, 655363, 0, 6, 1048579, 65535, 6, 3)
}

[node name="Goblin" parent="Enemies" parent_id_path=PackedInt32Array(2064123038) index="0" unique_id=1305714049 instance=ExtResource("2_n7vah")]
transform = Transform3D(-0.8660254, 0, 0.50000006, 0, 1, 0, -0.50000006, 0, -0.8660254, 6, 0, 0)

[node name="Goblin2" parent="Enemies" parent_id_path=PackedInt32Array(2064123038) index="1" unique_id=371008497 instance=ExtResource("2_n7vah")]
transform = Transform3D(-0.5, 0, -0.8660254, 0, 1, 0, 0.8660254, 0, -0.5, -4, 0, 0)

[node name="Goblin3" parent="Enemies" parent_id_path=PackedInt32Array(2064123038) index="2" unique_id=1167136632 instance=ExtResource("2_n7vah")]
transform = Transform3D(-0.8660254, 0, 0.50000006, 0, 1, 0, -0.50000006, 0, -0.8660254, 2, 0, -5)

[node name="Physical Bone Torso" parent="Enemies/Goblin3/character/Armature/Skeleton3D/PhysicalBoneSimulator3D" parent_id_path=PackedInt32Array(1167136632, 1194038126) index="0" unique_id=926438337]
transform = Transform3D(0.9999999, -0.000100016594, -0.0005173534, -0.0005269439, -0.19378336, -0.98104423, -2.115965e-06, 0.9810444, -0.19378337, 1.4305115e-06, 0.9300625, -0.00083112717)
joint_offset = Transform3D(1, 0, 0, 0, 1, 0, 0, 0, 1, 0.00015301438, 9.4516065e-05, 0.2985105)
body_offset = Transform3D(0.9999999, -0.000100046396, -0.0005173534, -0.0005173981, -0.00034214556, -0.99999994, 9.986758e-05, 1, -0.00034223497, 1.4305115e-06, 0.29851055, 7.6293945e-06)

[node name="Physical Bone Head" parent="Enemies/Goblin3/character/Armature/Skeleton3D/PhysicalBoneSimulator3D" parent_id_path=PackedInt32Array(1167136632, 1194038126) index="1" unique_id=2054418634]
transform = Transform3D(1, -5.9604645e-08, 1.0430813e-07, 1.08319426e-07, 0.32694164, -0.9450445, 0, 0.94504464, 0.32694164, 5.1259995e-06, 1.3915944, -0.0014371872)
joint_offset = Transform3D(1, 0, 0, 0, 1, 0, 0, 0, 1, -5.3856966e-06, -9.6670565e-06, 0.17847633)
body_offset = Transform3D(1, -2.3841858e-07, 1.1920929e-07, 1.0430813e-07, 6.7055225e-07, -1.0000004, 2.682209e-07, 1.0000001, 7.301569e-07, 5.364418e-06, 0.1784764, 9.536743e-06)

[node name="Physical Bone UpperArm_R" parent="Enemies/Goblin3/character/Armature/Skeleton3D/PhysicalBoneSimulator3D" parent_id_path=PackedInt32Array(1167136632, 1194038126) index="2" unique_id=115735995]
transform = Transform3D(-0.35101345, 0.75751996, -0.5504118, -0.9103146, -0.13836414, 0.3901061, 0.21935593, 0.6379804, 0.73814905, 0.32961, 1.0213475, -0.11097002)
joint_offset = Transform3D(1, 0, 0, 0, 1, 0, 0, 0, 1, -9.443611e-07, -1.42380595e-05, 0.19704616)
body_offset = Transform3D(0.9923466, -0.1212075, -0.023615219, 0.043903187, 0.5250392, -0.8499452, 0.11541852, 0.84240305, 0.5263421, 0.0046525, 0.16748595, -0.10370159)

[node name="Physical Bone LowerArm_R" parent="Enemies/Goblin3/character/Armature/Skeleton3D/PhysicalBoneSimulator3D" parent_id_path=PackedInt32Array(1167136632, 1194038126) index="3" unique_id=1881415201]
transform = Transform3D(-0.22353859, 0.5844472, 0.7800334, -0.93735063, -0.34830362, -0.0076521398, 0.26721618, -0.7328752, 0.6256912, 0.2600869, 0.9717872, -0.27937794)
joint_offset = Transform3D(1, 0, 0, 0, 1, 0, 0, 0, 1, 0.033469036, 0.04164949, 0.35797483)
body_offset = Transform3D(0.9797411, -0.071509704, -0.18706855, -0.04008825, 0.84514856, -0.5330268, 0.19621727, 0.5297273, 0.8251596, 0.037153184, 0.1569519, -0.32401645)

[node name="Physical Bone UpperLeg_R" parent="Enemies/Goblin3/character/Armature/Skeleton3D/PhysicalBoneSimulator3D" parent_id_path=PackedInt32Array(1167136632, 1194038126) index="4" unique_id=459498679]
transform = Transform3D(-0.93733025, -0.10472962, -0.33233076, -0.2870914, -0.3083666, 0.9069116, -0.19746023, 0.9454849, 0.25897437, 0.1913507, 0.5023273, 0.005115986)
joint_offset = Transform3D(1, 0, 0, 0, 1, 0, 0, 0, 1, 1.2592573e-05, -2.3966422e-06, 0.21483749)
body_offset = Transform3D(0.9950502, 0.0940038, 0.03229729, 0.032829363, -0.004117869, -0.9994529, -0.09381926, 0.99556404, -0.007183533, -0.0069509745, 0.21471953, 0.0015468597)

[node name="Physical Bone LowerLeg_R" parent="Enemies/Goblin3/character/Armature/Skeleton3D/PhysicalBoneSimulator3D" parent_id_path=PackedInt32Array(1167136632, 1194038126) index="5" unique_id=1640093645]
transform = Transform3D(-0.9686284, -0.2443882, -0.045095205, -0.15116878, 0.43539923, 0.8874545, -0.197249, 0.86643064, -0.4586839, 0.26995933, 0.16359994, 0.023731232)
joint_offset = Transform3D(1, 0, 0, 0, 1, 0, 0, 0, 1, 0.013958225, -0.0019814353, 0.16174883)
body_offset = Transform3D(0.9950688, 0.08957142, -0.0426694, -0.043406367, 0.006302744, -0.99903846, -0.08921647, 0.99596137, 0.010159373, -0.0068101883, 0.16221166, 0.00157547)

[node name="Physical Bone UpperArm_L" parent="Enemies/Goblin3/character/Armature/Skeleton3D/PhysicalBoneSimulator3D" parent_id_path=PackedInt32Array(1167136632, 1194038126) index="6" unique_id=1632498664]
transform = Transform3D(0.12637335, -0.94222057, -0.3102421, 0.9915256, 0.12947324, 0.010669149, 0.030115347, -0.3089612, 0.95059776, -0.16002858, 1.0961196, -0.15286064)
joint_offset = Transform3D(1, 0, 0, 0, 1, 0, 0, 0, 1, 9.126961e-08, -2.283603e-05, 0.19705889)
body_offset = Transform3D(0.9428154, 0.31989413, -0.0936351, -0.3244527, 0.8164343, -0.4776671, -0.07635589, 0.48073184, 0.87353706, 0.018458843, 0.094147205, -0.17212725)

[node name="Physical Bone LowerArm_L" parent="Enemies/Goblin3/character/Armature/Skeleton3D/PhysicalBoneSimulator3D" parent_id_path=PackedInt32Array(1167136632, 1194038126) index="7" unique_id=1459078601]
transform = Transform3D(-0.07692065, 0.4557312, -0.88678765, 0.9668176, 0.25141189, 0.045341175, 0.24361235, -0.8538743, -0.45994762, 0.01792705, 1.1037619, -0.04920864)
joint_offset = Transform3D(1, 0, 0, 0, 1, 0, 0, 0, 1, -0.09950394, -0.08164185, 0.5304959)
body_offset = Transform3D(0.9451922, 0.2534492, 0.20585373, -0.264202, 0.96411526, 0.026073903, -0.1918582, -0.07903156, 0.9782357, 0.0055378675, 0.038590908, -0.54449296)

[node name="Physical Bone UpperLeg_L" parent="Enemies/Goblin3/character/Armature/Skeleton3D/PhysicalBoneSimulator3D" parent_id_path=PackedInt32Array(1167136632, 1194038126) index="8" unique_id=1531880812]
transform = Transform3D(-0.9373305, 0.10472679, 0.33233097, 0.28709182, -0.30836928, 0.90691054, 0.19745845, 0.9454844, 0.25897774, -0.19135725, 0.50232303, 0.0051112175)
joint_offset = Transform3D(1, 0, 0, 0, 1, 0, 0, 0, 1, -1.6560574e-05, 6.1502215e-07, 0.21484482)
body_offset = Transform3D(0.99504894, -0.09400192, -0.03229758, -0.032829195, -0.0041143596, -0.9994527, 0.09381747, 0.995564, -0.0071799755, 0.0069555044, 0.21472669, 0.0015435219)

[node name="Physical Bone LowerLeg_L" parent="Enemies/Goblin3/character/Armature/Skeleton3D/PhysicalBoneSimulator3D" parent_id_path=PackedInt32Array(1167136632, 1194038126) index="9" unique_id=191693473]
transform = Transform3D(-0.968626, 0.24439624, 0.045102417, 0.15118179, 0.43541023, 0.8874469, 0.19725066, 0.8664228, -0.45869792, -0.27002537, 0.16357632, 0.023824692)
joint_offset = Transform3D(1, 0, 0, 0, 1, 0, 0, 0, 1, -0.014035528, -0.00203401, 0.16181593)
body_offset = Transform3D(0.9950669, -0.08957854, 0.042659387, 0.043395653, 0.006288588, -0.99903864, 0.0892241, 0.99596024, 0.01014483, 0.006881118, 0.16228223, 0.0016365051)

[node name="EquipmentComponent" parent="Enemies/Goblin3" index="2" unique_id=2139399618]
weapon_data = ExtResource("3_nipdr")

[node name="AcidTrap" parent="AcidTraps" parent_id_path=PackedInt32Array(2113287424) index="0" unique_id=857759605 instance=ExtResource("4_nipdr")]
transform = Transform3D(1, 0, 0, 0, 1, 0, 0, 0, 1, 0, 0, -1)

[node name="AcidTrap2" parent="AcidTraps" parent_id_path=PackedInt32Array(2113287424) index="1" unique_id=1338091144 instance=ExtResource("4_nipdr")]
transform = Transform3D(1, 0, 0, 0, 1, 0, 0, 0, 1, -1, 0, -1)

[node name="AcidTrap3" parent="AcidTraps" parent_id_path=PackedInt32Array(2113287424) index="2" unique_id=1496075957 instance=ExtResource("4_nipdr")]
transform = Transform3D(1, 0, 0, 0, 1, 0, 0, 0, 1, 0, 0, -2)

[node name="AcidTrap4" parent="AcidTraps" parent_id_path=PackedInt32Array(2113287424) index="3" unique_id=930523915 instance=ExtResource("4_nipdr")]
transform = Transform3D(1, 0, 0, 0, 1, 0, 0, 0, 1, -1, 0, -2)

[node name="AcidTrap5" parent="AcidTraps" parent_id_path=PackedInt32Array(2113287424) index="4" unique_id=1642584294 instance=ExtResource("4_nipdr")]
transform = Transform3D(1, 0, 0, 0, 1, 0, 0, 0, 1, 0, 0, -3)

[node name="AcidTrap6" parent="AcidTraps" parent_id_path=PackedInt32Array(2113287424) index="5" unique_id=977890079 instance=ExtResource("4_nipdr")]
transform = Transform3D(1, 0, 0, 0, 1, 0, 0, 0, 1, -1, 0, -3)

[node name="Torch" parent="Lights" parent_id_path=PackedInt32Array(68944341) index="0" unique_id=1383287539 instance=ExtResource("5_x1u18")]
transform = Transform3D(-4.371139e-08, 0, -1, 0, 1, 0, 1, 0, -4.371139e-08, -6, 0, 2)

[node name="Torch2" parent="Lights" parent_id_path=PackedInt32Array(68944341) index="1" unique_id=1372364460 instance=ExtResource("5_x1u18")]
transform = Transform3D(-4.371139e-08, 0, -1, 0, 1, 0, 1, 0, -4.371139e-08, -6, 0, -4)

[node name="Torch3" parent="Lights" parent_id_path=PackedInt32Array(68944341) index="2" unique_id=1609749995 instance=ExtResource("5_x1u18")]
transform = Transform3D(5.9604645e-08, 0, 0.99999994, 0, 1, 0, -0.99999994, 0, 5.9604645e-08, 9, 0, 2)

[node name="Torch4" parent="Lights" parent_id_path=PackedInt32Array(68944341) index="3" unique_id=1953283093 instance=ExtResource("5_x1u18")]
transform = Transform3D(-0.2588191, 0, 0.9659258, 0, 1, 0, -0.9659258, 0, -0.2588191, 9, 0, -4)

[node name="Torch5" parent="Lights" parent_id_path=PackedInt32Array(68944341) index="4" unique_id=1246303087 instance=ExtResource("5_x1u18")]
transform = Transform3D(-1, 0, -8.940697e-08, 0, 1, 0, 8.940697e-08, 0, -1, 0, 0, -9)

[editable path="Enemies/Goblin3"]
[editable path="Enemies/Goblin3/character"]
