[gd_scene format=3 uid="uid://bskrm716eop4r"]

[ext_resource type="PackedScene" uid="uid://dvre4shd8agg2" path="res://scenes/rooms/base_room.tscn" id="1_5doc6"]
[ext_resource type="PackedScene" uid="uid://cty2xvbejnvbg" path="res://scenes/characters/enemies/goblin.tscn" id="2_n7vah"]
[ext_resource type="Resource" uid="uid://bmre07o38bl3s" path="res://data/weapons/shortsword.tres" id="3_nipdr"]

[sub_resource type="NavigationMesh" id="NavigationMesh_5doc6"]
vertices = PackedVector3Array(1.25, 0.01999998, -3.5, 1.5, 0.01999998, -3, 3, 0.01999998, -5.25, 2.5, 0.01999998, -5.5, -1.5, 0.01999998, -3.25, -2.25, 0.01999998, -5.75, -2.75, 0.01999998, -5.25, -2.5, 0.01999998, 3.5, -2.25, 0.01999998, 6.25, -0.75, 0.01999998, 6.5, 2.5, 0.01999998, 3.75, 3, 0.01999998, 3.5, 1.5, 0.01999998, 0.25, 2.5, 0.01999998, 6.25, -1.5, 0.01999998, 0.25, 2.5, 0.01999998, -8.25, -2.25, 0.01999998, -8.25, -5.25, 0.01999998, -5.25, -5.25, 0.01999998, 3.5, 8.5, 0.01999998, 3.5, 8.5, 0.01999998, -5.25, -0.25, -2.98, -2.25, -0.25, -2.98, -0.5, 0.5, -2.98, -0.5, 0.5, -2.98, -2.25)
polygons = [PackedInt32Array(3, 2, 0), PackedInt32Array(0, 2, 1), PackedInt32Array(4, 6, 5), PackedInt32Array(9, 8, 7), PackedInt32Array(12, 11, 10), PackedInt32Array(13, 9, 10), PackedInt32Array(10, 9, 7), PackedInt32Array(10, 7, 14), PackedInt32Array(10, 14, 12), PackedInt32Array(4, 5, 0), PackedInt32Array(0, 5, 3), PackedInt32Array(3, 5, 16), PackedInt32Array(3, 16, 15), PackedInt32Array(6, 4, 17), PackedInt32Array(17, 4, 14), PackedInt32Array(17, 14, 7), PackedInt32Array(17, 7, 18), PackedInt32Array(1, 2, 12), PackedInt32Array(12, 2, 11), PackedInt32Array(11, 2, 20), PackedInt32Array(11, 20, 19), PackedInt32Array(24, 23, 21), PackedInt32Array(21, 23, 22)]
cell_height = 0.01

[node name="Foyer" unique_id=1869601789 instance=ExtResource("1_5doc6")]

[node name="RoomNavigation" parent="." index="1" unique_id=434851523]
navigation_mesh = SubResource("NavigationMesh_5doc6")

[node name="Floors" parent="RoomNavigation" index="0" unique_id=1733117505]
data = {
"cells": PackedInt32Array(65531, 65531, 1441792, 65532, 65531, 1441792, 65533, 65531, 1441792, 65534, 65531, 1441792, 65535, 65531, 1441792, 0, 65531, 1441792, 1, 65531, 1441792, 2, 65531, 1441792, 3, 65531, 1441792, 4, 65531, 1441792, 5, 65531, 1441792, 5, 65532, 1441792, 5, 65533, 1441792, 5, 65534, 1441792, 5, 65535, 1441792, 5, 0, 1441792, 6, 0, 1441792, 6, 1, 1441792, 6, 2, 1441792, 5, 2, 1441792, 4, 2, 1441792, 3, 2, 1441792, 2, 2, 1441792, 1, 1, 1441792, 0, 1, 1441792, 65535, 1, 1441792, 65534, 1, 1441792, 65533, 0, 1441792, 65532, 0, 1441792, 65534, 65535, 1441792, 65535, 65535, 5, 0, 65535, 1048581, 1, 65535, 1441792, 2, 65535, 1441792, 3, 65535, 1441792, 4, 65535, 1441792, 4, 65533, 1441792, 3, 65533, 1441792, 2, 65533, 1441792, 1, 65533, 1441792, 0, 65533, 655365, 65535, 65533, 1441797, 65535, 65534, 4, 65534, 65534, 1441792, 0, 65534, 655364, 2, 65532, 1441792, 1, 65532, 1441792, 0, 65532, 1441792, 3, 65532, 1441792, 4, 65532, 1441792, 4, 65534, 1441792, 3, 65534, 1441792, 4, 0, 1441792, 4, 1, 1441792, 3, 1, 1441792, 3, 0, 1441792, 2, 0, 1441792, 1, 0, 1441792, 1, 65534, 1441792, 2, 65534, 1441792, 5, 1, 1441792, 2, 1, 1441792, 65535, 0, 1441792, 65534, 0, 1441792, 0, 0, 1441792, 65534, 65533, 1441792, 65534, 65532, 1441792, 65533, 65532, 1441792, 65535, 65532, 1441792, 65532, 65532, 1441792, 65531, 65532, 1441792, 65531, 65533, 1441792, 65532, 65534, 1441792, 65533, 65534, 1441792, 65533, 65533, 1441792, 65532, 65533, 1441792, 65531, 65534, 1441792, 65531, 65535, 1441792, 65532, 65535, 1441792, 65533, 65535, 1441792, 65531, 0, 1441792, 65533, 1, 1441792, 65532, 1, 1441792, 65531, 1, 1441792, 6, 65531, 1441792, 6, 65532, 1441792, 6, 65533, 1441792, 6, 65534, 1441792, 6, 65535, 1441792, 7, 65531, 1441792, 7, 65532, 1441792, 7, 65533, 1441792, 7, 65534, 1441792, 7, 65535, 1441792, 7, 0, 1441792, 7, 1, 1441792, 65534, 2, 1441792, 65535, 2, 1441792, 0, 2, 1441792, 1, 2, 1441792, 1, 3, 1441792, 1, 4, 1441792, 0, 4, 1441792, 65535, 4, 1441792, 65534, 4, 1441792, 65534, 3, 1441792, 65535, 3, 1441792, 0, 3, 1441792, 0, 65530, 1441792, 0, 65529, 1441792, 0, 65528, 1441792, 65535, 65529, 1441792, 65535, 65530, 1441792, 65534, 65530, 1441792, 65534, 65529, 1441792, 65535, 65528, 1441792, 65534, 65528, 1441792, 1, 65530, 1441792, 1, 65529, 1441792, 1, 65528, 1441792, 65533, 2, 1441792, 65532, 2, 1441792, 65531, 2, 1441792, 65534, 5, 1441792, 65535, 5, 1441792, 0, 5, 1441792, 1, 5, 1441792, 7, 2, 1441792, 8, 2, 655361, 8, 3, 1048578, 7, 65530, 1441793, 8, 65530, 655362, 2, 65527, 655362, 65533, 65527, 1441794, 65530, 65530, 1441794, 65530, 3, 2, 65533, 6, 2, 2, 6, 1048578, 8, 1, 655361, 8, 0, 655361, 8, 65535, 655361, 8, 65534, 655361, 8, 65533, 655361, 8, 65532, 655361, 8, 65531, 655361, 6, 65530, 1441793, 5, 65530, 1441793, 4, 65530, 1441793, 3, 65530, 1441793, 2, 65529, 655361, 2, 65528, 655361, 1, 65527, 1441793, 0, 65527, 1441793, 65535, 65527, 1441793, 65534, 65527, 1441793, 65533, 65528, 1, 65533, 65529, 1, 65533, 65530, 1441795, 65532, 65530, 1441793, 65531, 65530, 1441793, 65530, 65531, 1, 65530, 65532, 1, 65530, 65533, 1, 65530, 65534, 1, 65530, 65535, 1, 65530, 0, 1, 65530, 1, 1, 65530, 2, 1, 65531, 3, 1048577, 65532, 3, 1048577, 65533, 3, 3, 65533, 5, 1, 65533, 4, 1, 65534, 6, 1048577, 1, 6, 1048577, 2, 5, 655361, 2, 4, 655361, 3, 3, 1048577, 4, 3, 1048577, 5, 3, 1048577, 6, 3, 1048577, 7, 3, 1048577, 2, 3, 1048579, 2, 65530, 655363, 0, 6, 1048579, 65535, 6, 3)
}

[node name="Goblin" parent="Enemies" parent_id_path=PackedInt32Array(2064123038) index="0" unique_id=1305714049 instance=ExtResource("2_n7vah")]
transform = Transform3D(-0.8660254, 0, 0.50000006, 0, 1, 0, -0.50000006, 0, -0.8660254, 6, 0, 0)

[node name="Goblin2" parent="Enemies" parent_id_path=PackedInt32Array(2064123038) index="1" unique_id=371008497 instance=ExtResource("2_n7vah")]
transform = Transform3D(-0.5, 0, -0.8660254, 0, 1, 0, 0.8660254, 0, -0.5, -4, 0, 0)

[node name="Goblin3" parent="Enemies" parent_id_path=PackedInt32Array(2064123038) index="2" unique_id=1167136632 instance=ExtResource("2_n7vah")]
transform = Transform3D(-0.8660254, 0, 0.50000006, 0, 1, 0, -0.50000006, 0, -0.8660254, 2, 0, -5)

[node name="Physical Bone Torso" parent="Enemies/Goblin3/character/Armature/Skeleton3D/PhysicalBoneSimulator3D" parent_id_path=PackedInt32Array(1167136632, 1194038126) index="0" unique_id=926438337]
transform = Transform3D(1.0000001, -1.2069941e-05, -7.036328e-05, -7.136174e-05, -0.19350582, -0.9810992, -1.758337e-06, 0.9810991, -0.19350584, 1.4305115e-06, 0.9300625, -0.00083112717)
joint_offset = Transform3D(1, 0, 0, 0, 1, 0, 0, 0, 1, 1.9567113e-05, 1.006067e-05, 0.2985105)
body_offset = Transform3D(1.0000001, -1.2099743e-05, -7.034093e-05, -7.035583e-05, -5.9247017e-05, -1.0000002, 1.2069941e-05, 1.0000002, -5.9261918e-05, 1.4305115e-06, 0.29851055, 7.6293945e-06)

[node name="Physical Bone Head" parent="Enemies/Goblin3/character/Armature/Skeleton3D/PhysicalBoneSimulator3D" parent_id_path=PackedInt32Array(1167136632, 1194038126) index="1" unique_id=2054418634]
transform = Transform3D(1.0000001, -8.940697e-08, 1.0430813e-07, 1.1806304e-07, 0.32694185, -0.9450445, 2.9802322e-08, 0.9450445, 0.32694188, 5.00679e-06, 1.3915944, -0.0014371872)
joint_offset = Transform3D(1, 0, 0, 0, 1, 0, 0, 0, 1, -5.144618e-06, -9.685672e-06, 0.1784764)
body_offset = Transform3D(0.99999994, -2.0861626e-07, 1.0430813e-07, 1.0430813e-07, 7.748604e-07, -1.0000004, 2.9802322e-07, 1.0000002, 8.34465e-07, 5.1259995e-06, 0.17847645, 9.536743e-06)

[node name="Physical Bone UpperArm_R" parent="Enemies/Goblin3/character/Armature/Skeleton3D/PhysicalBoneSimulator3D" parent_id_path=PackedInt32Array(1167136632, 1194038126) index="2" unique_id=115735995]
transform = Transform3D(-0.42714715, 0.30792147, -0.8501352, -0.895788, -0.016296327, 0.4441827, 0.12291931, 0.95127225, 0.28279334, 0.3886634, 1.0106939, -0.021241188)
joint_offset = Transform3D(1, 0, 0, 0, 1, 0, 0, 0, 1, -3.6414713e-07, -1.3135374e-05, 0.197047)
body_offset = Transform3D(0.99234647, -0.12120751, -0.02361494, 0.043903306, 0.52503914, -0.8499452, 0.11541846, 0.842403, 0.52634203, 0.0046520233, 0.16748607, -0.10370302)

[node name="Physical Bone LowerArm_R" parent="Enemies/Goblin3/character/Armature/Skeleton3D/PhysicalBoneSimulator3D" parent_id_path=PackedInt32Array(1167136632, 1194038126) index="3" unique_id=1881415201]
transform = Transform3D(-0.40672275, 0.90938723, -0.087129325, -0.89202213, -0.3747435, 0.25271314, 0.19716296, 0.18050551, 0.9636102, 0.5691607, 0.88556814, -0.2203579)
joint_offset = Transform3D(1, 0, 0, 0, 1, 0, 0, 0, 1, 0.03347584, 0.04164675, 0.3579729)
body_offset = Transform3D(0.97974104, -0.07150978, -0.18706858, -0.040088248, 0.84514856, -0.5330268, 0.19621727, 0.5297273, 0.82515943, 0.037145972, 0.15695345, -0.32401466)

[node name="Physical Bone UpperLeg_R" parent="Enemies/Goblin3/character/Armature/Skeleton3D/PhysicalBoneSimulator3D" parent_id_path=PackedInt32Array(1167136632, 1194038126) index="4" unique_id=459498679]
transform = Transform3D(-0.95326626, -0.013938844, -0.3018099, -0.2853679, -0.28657925, 0.91456956, -0.09924048, 0.95795524, 0.2692086, 0.1847918, 0.5006826, 0.0029091835)
joint_offset = Transform3D(1, 0, 0, 0, 1, 0, 0, 0, 1, 9.873605e-06, 4.0326267e-06, 0.21483818)
body_offset = Transform3D(0.99504846, 0.09400359, 0.032297537, 0.032829564, -0.0041177273, -0.99945253, -0.09381896, 0.9955635, -0.0071834177, -0.006948948, 0.21472025, 0.001540184)

[node name="Physical Bone LowerLeg_R" parent="Enemies/Goblin3/character/Armature/Skeleton3D/PhysicalBoneSimulator3D" parent_id_path=PackedInt32Array(1167136632, 1194038126) index="5" unique_id=1640093645]
transform = Transform3D(-0.9838176, -0.15743196, -0.08554636, -0.1492752, 0.4561298, 0.87730414, -0.099095464, 0.87587726, -0.47224915, 0.2633921, 0.16195525, 0.021541119)
joint_offset = Transform3D(1, 0, 0, 0, 1, 0, 0, 0, 1, 0.013957096, -0.001981522, 0.16174637)
body_offset = Transform3D(0.9950669, 0.08957127, -0.04266879, -0.04340622, 0.006302625, -0.99903774, -0.08921617, 0.9959607, 0.010159403, -0.0068092346, 0.16220903, 0.00157547)

[node name="Physical Bone UpperArm_L" parent="Enemies/Goblin3/character/Armature/Skeleton3D/PhysicalBoneSimulator3D" parent_id_path=PackedInt32Array(1167136632, 1194038126) index="6" unique_id=1632498664]
transform = Transform3D(-0.15321413, -0.7336146, 0.66206884, 0.975244, -0.0041472013, 0.2210929, -0.15945123, 0.67955315, 0.71608865, -0.35162652, 1.0546507, -0.106626034)
joint_offset = Transform3D(1, 0, 0, 0, 1, 0, 0, 0, 1, 1.9930303e-07, -2.310425e-05, 0.19705905)
body_offset = Transform3D(0.94281536, 0.31989408, -0.093635075, -0.32445267, 0.8164343, -0.47766712, -0.076355904, 0.48073184, 0.873537, 0.018458843, 0.09414756, -0.17212725)

[node name="Physical Bone LowerArm_L" parent="Enemies/Goblin3/character/Armature/Skeleton3D/PhysicalBoneSimulator3D" parent_id_path=PackedInt32Array(1167136632, 1194038126) index="7" unique_id=1459078601]
transform = Transform3D(-0.13975018, -0.8887459, -0.4365784, 0.9868818, -0.16100828, 0.011861656, -0.08083475, -0.42919362, 0.899588, -0.41709185, 1.0093251, -0.38160563)
joint_offset = Transform3D(1, 0, 0, 0, 1, 0, 0, 0, 1, -0.09950372, -0.0816437, 0.53049517)
body_offset = Transform3D(0.9451924, 0.25344902, 0.2058537, -0.2642018, 0.96411526, 0.026073426, -0.19185838, -0.07903126, 0.97823554, 0.005538285, 0.038593054, -0.54449224)

[node name="Physical Bone UpperLeg_L" parent="Enemies/Goblin3/character/Armature/Skeleton3D/PhysicalBoneSimulator3D" parent_id_path=PackedInt32Array(1167136632, 1194038126) index="8" unique_id=1531880812]
transform = Transform3D(-0.9532665, 0.013935924, 0.30180943, 0.28536794, -0.2865819, 0.9145687, 0.099238485, 0.9579544, 0.26921204, -0.18480039, 0.5006777, 0.002910614)
joint_offset = Transform3D(1, 0, 0, 0, 1, 0, 0, 0, 1, -1.6744874e-05, 6.0058665e-07, 0.21484485)
body_offset = Transform3D(0.99504864, -0.0940015, -0.032297283, -0.032829016, -0.0041142404, -0.9994526, 0.093817085, 0.99556386, -0.0071798265, 0.0069556236, 0.21472669, 0.0015435219)

[node name="Physical Bone LowerLeg_L" parent="Enemies/Goblin3/character/Armature/Skeleton3D/PhysicalBoneSimulator3D" parent_id_path=PackedInt32Array(1167136632, 1194038126) index="9" unique_id=191693473]
transform = Transform3D(-0.98381555, 0.15744072, 0.085554615, 0.149288, 0.45614058, 0.8772963, 0.09909722, 0.87587005, -0.47226214, -0.26346862, 0.16193086, 0.021627426)
joint_offset = Transform3D(1, 0, 0, 0, 1, 0, 0, 0, 1, -0.014035776, -0.0020315936, 0.16181526)
body_offset = Transform3D(0.9950667, -0.08957839, 0.04265946, 0.043395713, 0.006288618, -0.99903834, 0.08922401, 0.9959601, 0.01014486, 0.0068815947, 0.16228151, 0.0016341209)

[node name="EquipmentComponent" parent="Enemies/Goblin3" index="2" unique_id=2139399618]
weapon_data = ExtResource("3_nipdr")

[editable path="Enemies/Goblin3"]
[editable path="Enemies/Goblin3/character"]
