[gd_scene format=3 uid="uid://bin1bnskndpug"]

[ext_resource type="PackedScene" uid="uid://dvre4shd8agg2" path="res://scenes/rooms/base_room.tscn" id="1_1vwv1"]
[ext_resource type="PackedScene" uid="uid://ww8hovdjir8v" path="res://scenes/props/torch/torch.tscn" id="3_pn72h"]
[ext_resource type="PackedScene" uid="uid://bqm3c3s5gulaw" path="res://scenes/props/decor/spiderweb.tscn" id="4_judcj"]
[ext_resource type="PackedScene" uid="uid://csc2tbrvwusxh" path="res://scenes/props/decor/grate.tscn" id="5_26jwd"]
[ext_resource type="PackedScene" uid="uid://8jfohf71jest" path="res://scenes/props/decor/jail.tscn" id="6_8vw3x"]

[node name="JailCell" unique_id=1869601789 instance=ExtResource("1_1vwv1")]

[node name="Floors" parent="RoomNavigation" parent_id_path=PackedInt32Array(434851523) index="0" unique_id=1733117505]
data = {
"cells": PackedInt32Array(0, 1, 0, 0, 0, 0, 0, 65535, 0, 0, 65534, 0, 65535, 1, 0, 65535, 0, 0, 65535, 65535, 0, 65535, 65534, 0, 65534, 1, 1, 65534, 0, 1, 65534, 65535, 1, 65534, 65534, 1, 1, 65534, 655361, 1, 65535, 655361, 1, 0, 655361, 1, 1, 655361, 65535, 2, 1048577, 0, 2, 1048577, 1, 2, 1048578, 65534, 2, 2, 65534, 65533, 1441794, 1, 65533, 655362, 0, 65533, 655363, 65535, 65533, 1441795)
}

[node name="Torch" parent="Lights" parent_id_path=PackedInt32Array(68944341) index="0" unique_id=1383287539 instance=ExtResource("3_pn72h")]
transform = Transform3D(1.1920929e-07, 0, 1, 0, 1, 0, -1, 0, 1.1920929e-07, 2, 0, 0)

[node name="Spiderweb" parent="Decor" parent_id_path=PackedInt32Array(1369690705) index="0" unique_id=1050656607 instance=ExtResource("4_judcj")]
transform = Transform3D(0.49999997, 0, 0.86602545, 0, 1, 0, -0.86602545, 0, 0.49999997, 0, 0, 3)

[node name="Spiderweb2" parent="Decor" parent_id_path=PackedInt32Array(1369690705) index="1" unique_id=1506301495 instance=ExtResource("4_judcj")]
transform = Transform3D(0.9659258, 0, 0.2588191, 0, 1, 0, -0.2588191, 0, 0.9659258, 2, 0, 3)

[node name="Spiderweb3" parent="Decor" parent_id_path=PackedInt32Array(1369690705) index="2" unique_id=47884934 instance=ExtResource("4_judcj")]
transform = Transform3D(0.90740585, -0.3976012, -0.1361163, 0.004487259, -0.31470478, 0.949179, -0.42023116, -0.8619013, -0.28378078, 1.7490768, 2.7795992, -2)

[node name="Jail" parent="Decor" parent_id_path=PackedInt32Array(1369690705) index="3" unique_id=442165433 instance=ExtResource("6_8vw3x")]
transform = Transform3D(1, 0, 0, 0, 1, 0, 0, 0, 1, -0.89905953, 0.8570205, 1.7883782)

[node name="Jail2" parent="Decor" parent_id_path=PackedInt32Array(1369690705) index="4" unique_id=1837067054 instance=ExtResource("6_8vw3x")]
transform = Transform3D(-0.31326324, 0, -0.9496663, 0, 1, 0, 0.9496663, 0, -0.31326324, -0.89905953, 0.8570205, 0.039506674)

[node name="Grate" parent="Decor" parent_id_path=PackedInt32Array(1369690705) index="5" unique_id=1107712500 instance=ExtResource("5_26jwd")]
transform = Transform3D(-4.371139e-08, 0, 1, 0, 1, 0, -1, 0, -4.371139e-08, 0, -0.004569173, 0)
