[gd_scene format=3 uid="uid://cty2xvbejnvbg"]

[ext_resource type="PackedScene" uid="uid://801uvv41lf28" path="res://assets/meshes/characters/character.glb" id="1_jcgx1"]
[ext_resource type="Script" uid="uid://ba2m0b7xtyxb1" path="res://scenes/characters/enemies/enemy.gd" id="1_lahws"]
[ext_resource type="Texture2D" uid="uid://di0hf168tep0u" path="res://assets/textures/skin-goblin.png" id="2_ik1ic"]
[ext_resource type="PackedScene" uid="uid://dmfg86jn8qjol" path="res://scenes/characters/component/equipment_component.tscn" id="3_ewb0t"]
[ext_resource type="Resource" uid="uid://b85xdn0cdw6p1" path="res://data/weapons/axe.tres" id="4_lahws"]
[ext_resource type="Resource" uid="uid://dwwgg8a4e5a5o" path="res://data/shields/buckler.tres" id="5_cyclm"]
[ext_resource type="PackedScene" uid="uid://d2mdkf8ja46kr" path="res://scenes/characters/component/health_component.tscn" id="6_yjp8u"]

[sub_resource type="CapsuleShape3D" id="CapsuleShape3D_ik1ic"]
height = 1.7

[sub_resource type="StandardMaterial3D" id="StandardMaterial3D_1ffe6"]
albedo_texture = ExtResource("2_ik1ic")
texture_filter = 0

[sub_resource type="CapsuleShape3D" id="CapsuleShape3D_yjp8u"]
radius = 0.059700824
height = 0.5970082

[sub_resource type="CapsuleShape3D" id="CapsuleShape3D_cyclm"]
radius = 0.03569535
height = 0.3569535

[sub_resource type="CapsuleShape3D" id="CapsuleShape3D_ntygi"]
radius = 0.039409686
height = 0.39409685

[sub_resource type="CapsuleShape3D" id="CapsuleShape3D_8us64"]
radius = 0.029757759
height = 0.2975776

[sub_resource type="CapsuleShape3D" id="CapsuleShape3D_7a75t"]
radius = 0.042970054
height = 0.42970052

[sub_resource type="CapsuleShape3D" id="CapsuleShape3D_wb7e6"]
radius = 0.03241983
height = 0.3241983

[sub_resource type="CapsuleShape3D" id="CapsuleShape3D_frauy"]
radius = 0.039409686
height = 0.39409685

[sub_resource type="CapsuleShape3D" id="CapsuleShape3D_k6e44"]
radius = 0.029757759
height = 0.2975776

[sub_resource type="CapsuleShape3D" id="CapsuleShape3D_k8dtq"]
radius = 0.042970054
height = 0.42970052

[sub_resource type="CapsuleShape3D" id="CapsuleShape3D_fw75e"]
radius = 0.03241983
height = 0.3241983

[sub_resource type="SphereShape3D" id="SphereShape3D_lahws"]
radius = 2.5

[node name="Goblin" type="CharacterBody3D" unique_id=1305714049]
collision_layer = 4
collision_mask = 33
script = ExtResource("1_lahws")
duration_between_attacks = 2000
speed = 2.0

[node name="CollisionShape" type="CollisionShape3D" parent="." unique_id=259081170]
unique_name_in_owner = true
transform = Transform3D(1, 0, 0, 0, 1, 0, 0, 0, 1, 0, 0.85, 0)
shape = SubResource("CapsuleShape3D_ik1ic")

[node name="character" parent="." unique_id=213930241 instance=ExtResource("1_jcgx1")]

[node name="Skeleton3D" parent="character/Armature" parent_id_path=PackedInt32Array(213930241, 1684246552) index="0" unique_id=1074036699]
bones/0/position = Vector3(0, 0.63719213, -0.058584828)
bones/1/rotation = Quaternion(-0.26081848, 1.1508321e-07, -3.109199e-08, 0.96538794)
bones/3/rotation = Quaternion(-0.17811054, 0.0069522588, -0.84470385, 0.50468177)
bones/4/rotation = Quaternion(-0.51970553, -0.03146463, -0.022268824, 0.85347545)
bones/4/scale = Vector3(1, 0.9999999, 0.99999994)
bones/5/rotation = Quaternion(-0.56170267, -5.859863e-09, -3.2048533e-07, 0.8273392)
bones/6/rotation = Quaternion(-0.01420721, -0.04635846, 0.9871597, -0.15219975)
bones/6/scale = Vector3(0.99999756, 0.9999997, 0.9999995)
bones/7/rotation = Quaternion(0.38037068, -0.0077450327, -0.06930005, 0.9222016)
bones/7/scale = Vector3(0.99999976, 0.9999998, 0.9999999)
bones/9/rotation = Quaternion(-0.36561814, -0.1804519, 0.7375937, 0.5382529)
bones/10/rotation = Quaternion(-0.5652407, 0.0012398548, -0.040283598, 0.823941)
bones/12/rotation = Quaternion(0.014207192, -0.046358455, 0.9871597, 0.15219972)
bones/13/rotation = Quaternion(0.38037068, 0.00774503, 0.06930006, 0.9222016)

[node name="Character" parent="character/Armature/Skeleton3D" index="0" unique_id=2066216629]
surface_material_override/0 = SubResource("StandardMaterial3D_1ffe6")

[node name="WeaponBoneAttachment" type="BoneAttachment3D" parent="character/Armature/Skeleton3D" index="1" unique_id=439533458]
transform = Transform3D(-0.40672272, -0.81307, 0.41652495, -0.89202154, 0.25505483, -0.3731539, 0.1971637, -0.5233195, -0.8290129, 0.58210635, 0.8479673, -0.3637258)
bone_name = "Hand.R"
bone_idx = 5

[node name="WeaponPlaceholder" type="Node3D" parent="character/Armature/Skeleton3D/WeaponBoneAttachment" unique_id=896581106]
transform = Transform3D(0.46113777, -0.7594847, 0.4588408, -0.5137062, -0.6501375, -0.5598458, 0.72350395, 0.022456616, -0.689955, 0.07149134, -0.037720405, -0.06646673)

[node name="PhysicalBoneSimulator3D" type="PhysicalBoneSimulator3D" parent="character/Armature/Skeleton3D" index="2" unique_id=1194038126]
unique_name_in_owner = true

[node name="Physical Bone Torso" type="PhysicalBone3D" parent="character/Armature/Skeleton3D/PhysicalBoneSimulator3D" unique_id=926438337]
unique_name_in_owner = true
transform = Transform3D(1, -1.0221258e-07, 1.8667218e-07, 1.6337319e-07, -0.19344822, -0.9811105, 1.3639323e-07, 0.9811105, -0.19344822, 1.0350777e-07, 0.93005776, -0.0008379668)
collision_layer = 0
joint_type = 3
joint_offset = Transform3D(1, 0, 0, 0, 1, 0, 0, 0, 1, -1.5923045e-07, -1.7218638e-06, 0.29850456)
body_offset = Transform3D(1, -1.0221258e-07, 1.8667218e-07, 1.8667214e-07, -5.2154064e-07, -1.0000001, 1.0221268e-07, 1.0000001, -5.2154064e-07, 1.0350777e-07, 0.2985046, 1.8775463e-06)
mass = 12.0
bone_name = "Torso"
joint_constraints/angular_limit_enabled = true
joint_constraints/angular_limit_upper = 24.999996
joint_constraints/angular_limit_lower = -24.999996
joint_constraints/angular_limit_bias = 0.3
joint_constraints/angular_limit_softness = 0.9
joint_constraints/angular_limit_relaxation = 1.0

[node name="CollisionShape3D" type="CollisionShape3D" parent="character/Armature/Skeleton3D/PhysicalBoneSimulator3D/Physical Bone Torso" unique_id=135473984]
transform = Transform3D(1, 0, 0, 0, 0, 1, 0, -1, 0, 0, 0, 0)
shape = SubResource("CapsuleShape3D_yjp8u")

[node name="Physical Bone Head" type="PhysicalBone3D" parent="character/Armature/Skeleton3D/PhysicalBoneSimulator3D" unique_id=2054418634]
unique_name_in_owner = true
transform = Transform3D(1, 4.4377526e-07, 9.615913e-08, -5.421377e-08, 0.32694125, -0.94504464, -4.5082584e-07, 0.94504464, 0.32694125, 2.229451e-08, 1.3915902, -0.0014453605)
collision_layer = 0
joint_type = 2
joint_offset = Transform3D(1, 0, 0, 0, 1, 0, 0, 0, 1, -3.9456296e-08, -5.002245e-07, 0.17847508)
body_offset = Transform3D(1, 2.0535664e-07, 9.615908e-08, 9.615904e-08, 2.682209e-07, -1.0000004, -2.0535676e-07, 1.0000001, 2.9802322e-07, 2.2294401e-08, 0.17847514, 4.4703484e-07)
mass = 4.0
bone_name = "Head"
joint_constraints/swing_span = 39.999985
joint_constraints/twist_span = 19.999992
joint_constraints/bias = 0.3
joint_constraints/softness = 0.8
joint_constraints/relaxation = 1.0

[node name="CollisionShape3D" type="CollisionShape3D" parent="character/Armature/Skeleton3D/PhysicalBoneSimulator3D/Physical Bone Head" unique_id=379957960]
transform = Transform3D(1, 0, 0, 0, 0, 1, 0, -1, 0, 0, 0, 0)
shape = SubResource("CapsuleShape3D_cyclm")

[node name="Physical Bone UpperArm_R" type="PhysicalBone3D" parent="character/Armature/Skeleton3D/PhysicalBoneSimulator3D" unique_id=115735995]
transform = Transform3D(-0.35101265, 0.7575182, -0.5504147, -0.91031533, -0.13836356, 0.3901046, 0.21935396, 0.63798255, 0.73814774, 0.32960004, 1.0213455, -0.11098039)
collision_layer = 0
joint_type = 3
joint_offset = Transform3D(1, 0, 0, 0, 1, 0, 0, 0, 1, -4.5346096e-06, 1.937151e-07, 0.197049)
body_offset = Transform3D(0.99234664, -0.12120702, -0.02361273, 0.043904714, 0.5250368, -0.8499464, 0.11541694, 0.8424045, 0.5263399, 0.0046573877, 0.16748118, -0.10371439)
mass = 2.0
bone_name = "UpperArm.R"
joint_constraints/angular_limit_enabled = true
joint_constraints/angular_limit_upper = 90.0
joint_constraints/angular_limit_lower = -45.0
joint_constraints/angular_limit_bias = 0.3
joint_constraints/angular_limit_softness = 0.9
joint_constraints/angular_limit_relaxation = 1.0

[node name="CollisionShape3D" type="CollisionShape3D" parent="character/Armature/Skeleton3D/PhysicalBoneSimulator3D/Physical Bone UpperArm_R" unique_id=966097258]
transform = Transform3D(1, 0, 0, 0, 0, 1, 0, -1, 0, 0, 0, 0)
shape = SubResource("CapsuleShape3D_ntygi")

[node name="Physical Bone LowerArm_R" type="PhysicalBone3D" parent="character/Armature/Skeleton3D/PhysicalBoneSimulator3D" unique_id=1881415201]
transform = Transform3D(-0.2235377, 0.5844474, 0.7800334, -0.9373512, -0.34830183, -0.007652519, 0.2672146, -0.7328759, 0.62569106, 0.26008666, 0.9717903, -0.2793613)
collision_layer = 0
joint_type = 3
joint_offset = Transform3D(1, 0, 0, 0, 1, 0, 0, 0, 1, 0.033467416, 0.041662976, 0.35796428)
body_offset = Transform3D(0.9797408, -0.07151151, -0.1870682, -0.040086523, 0.8451487, -0.53302664, 0.19621795, 0.5297266, 0.8251596, 0.03715372, 0.15693468, -0.32401454)
mass = 2.0
bone_name = "LowerArm.R"
joint_constraints/angular_limit_enabled = true
joint_constraints/angular_limit_upper = 90.0
joint_constraints/angular_limit_lower = -45.0
joint_constraints/angular_limit_bias = 0.3
joint_constraints/angular_limit_softness = 0.9
joint_constraints/angular_limit_relaxation = 1.0

[node name="CollisionShape3D" type="CollisionShape3D" parent="character/Armature/Skeleton3D/PhysicalBoneSimulator3D/Physical Bone LowerArm_R" unique_id=1562959602]
transform = Transform3D(1, 0, 0, 0, 0, 1, 0, -1, 0, 0, 0, 0)
shape = SubResource("CapsuleShape3D_8us64")

[node name="Physical Bone UpperLeg_R" type="PhysicalBone3D" parent="character/Armature/Skeleton3D/PhysicalBoneSimulator3D" unique_id=459498679]
transform = Transform3D(-0.93733037, -0.10472943, -0.33233055, -0.28709158, -0.3083653, 0.90691197, -0.19745956, 0.9454854, 0.25897318, 0.19099417, 0.5033302, 0.0054087713)
collision_layer = 0
joint_type = 3
joint_offset = Transform3D(1, 0, 0, 0, 1, 0, 0, 0, 1, 2.4168869e-05, -7.282244e-06, 0.21373372)
body_offset = Transform3D(0.99505025, 0.09400327, 0.03229716, 0.032829303, -0.004119158, -0.99945265, -0.093818605, 0.9955639, -0.0071847737, -0.0069263577, 0.21361592, 0.0015451461)
mass = 4.0
bone_name = "UpperLeg.R"
joint_constraints/angular_limit_enabled = true
joint_constraints/angular_limit_upper = 24.999996
joint_constraints/angular_limit_lower = -24.999996
joint_constraints/angular_limit_bias = 0.3
joint_constraints/angular_limit_softness = 0.9
joint_constraints/angular_limit_relaxation = 1.0

[node name="CollisionShape3D" type="CollisionShape3D" parent="character/Armature/Skeleton3D/PhysicalBoneSimulator3D/Physical Bone UpperLeg_R" unique_id=1984658570]
transform = Transform3D(1, 0, 0, 0, 0, 1, 0, -1, 0, 0, 0, 0)
shape = SubResource("CapsuleShape3D_7a75t")

[node name="Physical Bone LowerLeg_R" type="PhysicalBone3D" parent="character/Armature/Skeleton3D/PhysicalBoneSimulator3D" unique_id=1640093645]
transform = Transform3D(-0.968626, -0.24439572, -0.04510516, -0.15118486, 0.4354137, 0.88744473, -0.19724828, 0.86642116, -0.45870197, 0.2700544, 0.163609, 0.02382264)
collision_layer = 0
joint_type = 3
joint_offset = Transform3D(1, 0, 0, 0, 1, 0, 0, 0, 1, 0.014067393, -0.002038558, 0.16178736)
body_offset = Transform3D(0.9950687, 0.0895776, -0.042656276, -0.043391682, 0.0062849224, -0.9990391, -0.089223534, 0.9959607, 0.010140598, -0.0069141686, 0.16225511, 0.001644846)
mass = 4.0
bone_name = "LowerLeg.R"
joint_constraints/angular_limit_enabled = true
joint_constraints/angular_limit_upper = 24.999996
joint_constraints/angular_limit_lower = -24.999996
joint_constraints/angular_limit_bias = 0.3
joint_constraints/angular_limit_softness = 0.9
joint_constraints/angular_limit_relaxation = 1.0

[node name="CollisionShape3D" type="CollisionShape3D" parent="character/Armature/Skeleton3D/PhysicalBoneSimulator3D/Physical Bone LowerLeg_R" unique_id=1653509457]
transform = Transform3D(1, 0, 0, 0, 0, 1, 0, -1, 0, 0, 0, 0)
shape = SubResource("CapsuleShape3D_wb7e6")

[node name="Physical Bone UpperArm_L" type="PhysicalBone3D" parent="character/Armature/Skeleton3D/PhysicalBoneSimulator3D" unique_id=1632498664]
transform = Transform3D(0.12637186, -0.94222105, -0.31024134, 0.9915257, 0.12947164, 0.010669262, 0.03011465, -0.30896056, 0.950598, -0.16001141, 1.0961148, -0.15284494)
collision_layer = 0
joint_type = 3
joint_offset = Transform3D(1, 0, 0, 0, 1, 0, 0, 0, 1, 2.3106113e-06, -8.6426735e-07, 0.19704923)
body_offset = Transform3D(0.94281584, 0.31989253, -0.09363513, -0.32445124, 0.8164345, -0.47766778, -0.07635529, 0.4807326, 0.87353665, 0.01844883, 0.09412552, -0.17212912)
mass = 4.0
bone_name = "UpperArm.L"
joint_constraints/angular_limit_enabled = true
joint_constraints/angular_limit_upper = 90.0
joint_constraints/angular_limit_lower = -45.0
joint_constraints/angular_limit_bias = 0.3
joint_constraints/angular_limit_softness = 0.9
joint_constraints/angular_limit_relaxation = 1.0

[node name="CollisionShape3D" type="CollisionShape3D" parent="character/Armature/Skeleton3D/PhysicalBoneSimulator3D/Physical Bone UpperArm_L" unique_id=1098494141]
transform = Transform3D(1, 0, 0, 0, 0, 1, 0, -1, 0, 0, 0, 0)
shape = SubResource("CapsuleShape3D_frauy")

[node name="Physical Bone LowerArm_L" type="PhysicalBone3D" parent="character/Armature/Skeleton3D/PhysicalBoneSimulator3D" unique_id=1459078601]
transform = Transform3D(-0.07692075, 0.45572987, -0.8867883, 0.96681714, 0.2514137, 0.045341622, 0.24361426, -0.85387444, -0.4599463, 0.017902434, 1.1037824, -0.049231052)
collision_layer = 0
joint_type = 3
joint_offset = Transform3D(1, 0, 0, 0, 1, 0, 0, 0, 1, -0.09952049, -0.08165452, 0.530463)
body_offset = Transform3D(0.9451917, 0.25345117, 0.20585412, -0.26420373, 0.9641148, 0.026072323, -0.19185886, -0.07903063, 0.97823554, 0.0055633783, 0.038600247, -0.5444648)
mass = 4.0
bone_name = "LowerArm.L"
joint_constraints/angular_limit_enabled = true
joint_constraints/angular_limit_upper = 90.0
joint_constraints/angular_limit_lower = -45.0
joint_constraints/angular_limit_bias = 0.3
joint_constraints/angular_limit_softness = 0.9
joint_constraints/angular_limit_relaxation = 1.0

[node name="CollisionShape3D" type="CollisionShape3D" parent="character/Armature/Skeleton3D/PhysicalBoneSimulator3D/Physical Bone LowerArm_L" unique_id=2139115591]
transform = Transform3D(1, 0, 0, 0, 0, 1, 0, -1, 0, 0, 0, 0)
shape = SubResource("CapsuleShape3D_k6e44")

[node name="Physical Bone UpperLeg_L" type="PhysicalBone3D" parent="character/Armature/Skeleton3D/PhysicalBoneSimulator3D" unique_id=1531880812]
transform = Transform3D(-0.9373309, 0.10472666, 0.33232984, 0.28709146, -0.30836588, 0.90691185, 0.19745702, 0.94548553, 0.25897473, -0.19134247, 0.5023129, 0.0051088706)
collision_layer = 0
joint_type = 3
joint_offset = Transform3D(1, 0, 0, 0, 1, 0, 0, 0, 1, 4.1146995e-07, -1.2530945e-06, 0.21484968)
body_offset = Transform3D(0.995049, -0.09400071, -0.032296374, -0.032828353, -0.004117787, -0.9994527, 0.09381622, 0.995564, -0.0071832836, 0.0069383383, 0.21473211, 0.0015445352)
mass = 4.0
bone_name = "UpperLeg.L"
joint_constraints/angular_limit_enabled = true
joint_constraints/angular_limit_upper = 24.999996
joint_constraints/angular_limit_lower = -24.999996
joint_constraints/angular_limit_bias = 0.3
joint_constraints/angular_limit_softness = 0.9
joint_constraints/angular_limit_relaxation = 1.0

[node name="CollisionShape3D" type="CollisionShape3D" parent="character/Armature/Skeleton3D/PhysicalBoneSimulator3D/Physical Bone UpperLeg_L" unique_id=785125314]
transform = Transform3D(1, 0, 0, 0, 0, 1, 0, -1, 0, 0, 0, 0)
shape = SubResource("CapsuleShape3D_k8dtq")

[node name="Physical Bone LowerLeg_L" type="PhysicalBone3D" parent="character/Armature/Skeleton3D/PhysicalBoneSimulator3D" unique_id=191693473]
transform = Transform3D(-0.9686259, 0.24439639, 0.045104176, 0.151184, 0.43541238, 0.8874455, 0.19724956, 0.8664216, -0.45870054, -0.27005467, 0.16360062, 0.023826543)
collision_layer = 0
joint_type = 3
joint_offset = Transform3D(1, 0, 0, 0, 1, 0, 0, 0, 1, -0.014067413, -0.0020385094, 0.16179651)
body_offset = Transform3D(0.99506694, -0.08957845, 0.042657167, 0.043393195, 0.006286174, -0.9990386, 0.08922417, 0.99596035, 0.010142088, 0.006913632, 0.1622642, 0.0016444735)
mass = 4.0
bone_name = "LowerLeg.L"
joint_constraints/angular_limit_enabled = true
joint_constraints/angular_limit_upper = 24.999996
joint_constraints/angular_limit_lower = -24.999996
joint_constraints/angular_limit_bias = 0.3
joint_constraints/angular_limit_softness = 0.9
joint_constraints/angular_limit_relaxation = 1.0

[node name="CollisionShape3D" type="CollisionShape3D" parent="character/Armature/Skeleton3D/PhysicalBoneSimulator3D/Physical Bone LowerLeg_L" unique_id=1738490344]
transform = Transform3D(1, 0, 0, 0, 0, 1, 0, -1, 0, 0, 0, 0)
shape = SubResource("CapsuleShape3D_fw75e")

[node name="ShieldBoneAttachment" type="BoneAttachment3D" parent="character/Armature/Skeleton3D" index="3" unique_id=1935285537]
transform = Transform3D(-0.1397479, 0.9871222, 0.07784194, 0.9868816, 0.14526817, -0.07043447, -0.080835454, 0.06697762, -0.9944741, -0.35214734, 1.007557, -0.5154346)
bone_name = "Hand.L"
bone_idx = 11

[node name="ShieldPlaceholder" type="Node3D" parent="character/Armature/Skeleton3D/ShieldBoneAttachment" unique_id=481412937]
transform = Transform3D(1, 0, 0, 0, 0.8660254, 0.5, 0, -0.5, 0.8660254, 0, 0, 0)

[node name="AnimationPlayer" parent="character" index="1" unique_id=1295934180]
autoplay = &"idle"

[node name="EquipmentComponent" parent="." unique_id=2139399618 node_paths=PackedStringArray("shield_placeholder", "weapon_placeholder", "weapon_reach_raycast", "weapon_spawn_position") instance=ExtResource("3_ewb0t")]
unique_name_in_owner = true
shield_data = ExtResource("5_cyclm")
shield_placeholder = NodePath("../character/Armature/Skeleton3D/ShieldBoneAttachment/ShieldPlaceholder")
weapon_data = ExtResource("4_lahws")
weapon_placeholder = NodePath("../character/Armature/Skeleton3D/WeaponBoneAttachment/WeaponPlaceholder")
weapon_reach_raycast = NodePath("../WeaponReachRaycast")
weapon_spawn_position = NodePath("../WeaponSpawnPosition")

[node name="WeaponSpawnPosition" type="Node3D" parent="." unique_id=878198148]
transform = Transform3D(1, 0, 0, 0, 1, 0, 0, 0, 1, 0.4, 1, -0.5)

[node name="PlayerDetectionArea" type="Area3D" parent="." unique_id=1852496352]
unique_name_in_owner = true
collision_layer = 0
collision_mask = 2

[node name="CollisionShape3D" type="CollisionShape3D" parent="PlayerDetectionArea" unique_id=198789498]
shape = SubResource("SphereShape3D_lahws")

[node name="WeaponReachRaycast" type="RayCast3D" parent="." unique_id=402149503]
unique_name_in_owner = true
transform = Transform3D(1, 0, 0, 0, 1, 0, 0, 0, 1, 0, 0.9, 0)
target_position = Vector3(0, 0, -2)
collision_mask = 2

[node name="HealthComponent" parent="." unique_id=1052761881 instance=ExtResource("6_yjp8u")]
unique_name_in_owner = true
max_life = 8
current_life = 8

[node name="NavigationAgent3D" type="NavigationAgent3D" parent="." unique_id=298498021]
unique_name_in_owner = true

[editable path="character"]
