[gd_scene format=3 uid="uid://cty2xvbejnvbg"]

[ext_resource type="PackedScene" uid="uid://801uvv41lf28" path="res://assets/meshes/characters/character.glb" id="1_jcgx1"]
[ext_resource type="Script" uid="uid://ba2m0b7xtyxb1" path="res://scenes/characters/enemies/enemy.gd" id="1_lahws"]
[ext_resource type="Texture2D" uid="uid://di0hf168tep0u" path="res://assets/textures/skin-goblin.png" id="2_ik1ic"]
[ext_resource type="PackedScene" uid="uid://dmfg86jn8qjol" path="res://scenes/characters/component/equipment_component.tscn" id="3_ewb0t"]
[ext_resource type="Resource" uid="uid://b85xdn0cdw6p1" path="res://data/weapons/axe.tres" id="4_lahws"]
[ext_resource type="PackedScene" uid="uid://d2mdkf8ja46kr" path="res://scenes/characters/component/health_component.tscn" id="6_yjp8u"]

[sub_resource type="CapsuleShape3D" id="CapsuleShape3D_ik1ic"]
height = 1.7

[sub_resource type="StandardMaterial3D" id="StandardMaterial3D_1ffe6"]
albedo_texture = ExtResource("2_ik1ic")
texture_filter = 0

[sub_resource type="CapsuleShape3D" id="CapsuleShape3D_yjp8u"]
radius = 0.059700824
height = 0.5970082

[sub_resource type="CapsuleShape3D" id="CapsuleShape3D_cyclm"]
radius = 0.03569535
height = 0.3569535

[sub_resource type="CapsuleShape3D" id="CapsuleShape3D_ntygi"]
radius = 0.039409686
height = 0.39409685

[sub_resource type="CapsuleShape3D" id="CapsuleShape3D_8us64"]
radius = 0.029757759
height = 0.2975776

[sub_resource type="CapsuleShape3D" id="CapsuleShape3D_7a75t"]
radius = 0.042970054
height = 0.42970052

[sub_resource type="CapsuleShape3D" id="CapsuleShape3D_wb7e6"]
radius = 0.03241983
height = 0.3241983

[sub_resource type="CapsuleShape3D" id="CapsuleShape3D_frauy"]
radius = 0.039409686
height = 0.39409685

[sub_resource type="CapsuleShape3D" id="CapsuleShape3D_k6e44"]
radius = 0.029757759
height = 0.2975776

[sub_resource type="CapsuleShape3D" id="CapsuleShape3D_k8dtq"]
radius = 0.042970054
height = 0.42970052

[sub_resource type="CapsuleShape3D" id="CapsuleShape3D_fw75e"]
radius = 0.03241983
height = 0.3241983

[sub_resource type="SphereShape3D" id="SphereShape3D_lahws"]
radius = 2.5

[node name="Goblin" type="CharacterBody3D" unique_id=1305714049]
collision_layer = 4
collision_mask = 33
script = ExtResource("1_lahws")
duration_between_attacks = 2000
speed = 2.0

[node name="CollisionShape" type="CollisionShape3D" parent="." unique_id=259081170]
unique_name_in_owner = true
transform = Transform3D(1, 0, 0, 0, 1, 0, 0, 0, 1, 0, 0.85, 0)
shape = SubResource("CapsuleShape3D_ik1ic")

[node name="character" parent="." unique_id=213930241 instance=ExtResource("1_jcgx1")]

[node name="Character" parent="character/Armature/Skeleton3D" parent_id_path=PackedInt32Array(213930241, 1074036699) index="0" unique_id=2066216629]
surface_material_override/0 = SubResource("StandardMaterial3D_1ffe6")

[node name="BoneAttachment3D" type="BoneAttachment3D" parent="character/Armature/Skeleton3D" parent_id_path=PackedInt32Array(213930241, 1074036699) index="1" unique_id=439533458]
transform = Transform3D(-0.4472139, 2.682209e-07, 0.8944266, -0.8944265, -1.937151e-07, -0.44721383, 7.2153114e-08, -0.99999964, 4.172325e-07, 0.8096086, 0.8068743, 0.02890563)
bone_name = "Hand.R"
bone_idx = 5

[node name="WeaponPlaceholder" type="Node3D" parent="character/Armature/Skeleton3D/BoneAttachment3D" unique_id=896581106]
transform = Transform3D(0.46113777, -0.7594847, 0.4588408, -0.5137062, -0.6501375, -0.5598458, 0.72350395, 0.022456616, -0.689955, 0.07149134, -0.037720405, -0.06646673)

[node name="PhysicalBoneSimulator3D" type="PhysicalBoneSimulator3D" parent="character/Armature/Skeleton3D" parent_id_path=PackedInt32Array(213930241, 1074036699) index="2" unique_id=1194038126]
unique_name_in_owner = true

[node name="Physical Bone Torso" type="PhysicalBone3D" parent="character/Armature/Skeleton3D/PhysicalBoneSimulator3D" unique_id=926438337]
unique_name_in_owner = true
transform = Transform3D(1, -1.0221258e-07, 1.8667218e-07, 1.6337319e-07, -0.19344822, -0.9811105, 1.3639323e-07, 0.9811105, -0.19344822, 1.0350777e-07, 0.93005776, -0.00083797425)
collision_layer = 0
joint_type = 3
joint_offset = Transform3D(1, 0, 0, 0, 1, 0, 0, 0, 1, -1.5923045e-07, -1.7218638e-06, 0.29850456)
body_offset = Transform3D(1, -1.0221258e-07, 1.8667218e-07, 1.8667214e-07, -5.2154064e-07, -1.0000001, 1.0221268e-07, 1.0000001, -5.2154064e-07, 1.0350777e-07, 0.2985046, 1.8775463e-06)
mass = 12.0
bone_name = "Torso"
joint_constraints/angular_limit_enabled = true
joint_constraints/angular_limit_upper = 24.999996
joint_constraints/angular_limit_lower = -24.999996
joint_constraints/angular_limit_bias = 0.3
joint_constraints/angular_limit_softness = 0.9
joint_constraints/angular_limit_relaxation = 1.0

[node name="CollisionShape3D" type="CollisionShape3D" parent="character/Armature/Skeleton3D/PhysicalBoneSimulator3D/Physical Bone Torso" unique_id=135473984]
transform = Transform3D(1, 0, 0, 0, 0, 1, 0, -1, 0, 0, 0, 0)
shape = SubResource("CapsuleShape3D_yjp8u")

[node name="Physical Bone Head" type="PhysicalBone3D" parent="character/Armature/Skeleton3D/PhysicalBoneSimulator3D" unique_id=2054418634]
unique_name_in_owner = true
transform = Transform3D(1, 4.437753e-07, 9.615918e-08, -5.421377e-08, 0.32694134, -0.94504464, -4.5082584e-07, 0.9450447, 0.32694134, 2.2294506e-08, 1.3915902, -0.0014453754)
collision_layer = 0
joint_type = 2
joint_offset = Transform3D(1, 0, 0, 0, 1, 0, 0, 0, 1, -3.94563e-08, -5.0022453e-07, 0.1784751)
body_offset = Transform3D(1, 2.0535666e-07, 9.6159084e-08, 9.6159056e-08, 2.682209e-07, -1.0000002, -2.0535674e-07, 1.0000001, 2.9802322e-07, 2.2294401e-08, 0.17847514, 4.4703484e-07)
mass = 4.0
bone_name = "Head"
joint_constraints/swing_span = 39.999985
joint_constraints/twist_span = 19.999992
joint_constraints/bias = 0.3
joint_constraints/softness = 0.8
joint_constraints/relaxation = 1.0

[node name="CollisionShape3D" type="CollisionShape3D" parent="character/Armature/Skeleton3D/PhysicalBoneSimulator3D/Physical Bone Head" unique_id=379957960]
transform = Transform3D(1, 0, 0, 0, 0, 1, 0, -1, 0, 0, 0, 0)
shape = SubResource("CapsuleShape3D_cyclm")

[node name="Physical Bone UpperArm_R" type="PhysicalBone3D" parent="character/Armature/Skeleton3D/PhysicalBoneSimulator3D" unique_id=115735995]
transform = Transform3D(-0.4271456, 0.30791909, -0.8501368, -0.8957889, -0.016295686, 0.44418097, 0.12291821, 0.951273, 0.28279114, 0.3886597, 1.0106899, -0.02125331)
collision_layer = 0
joint_type = 3
joint_offset = Transform3D(1, 0, 0, 0, 1, 0, 0, 0, 1, -4.5550987e-06, 1.7136335e-07, 0.19704893)
body_offset = Transform3D(0.99234664, -0.12120703, -0.023612646, 0.043904718, 0.52503705, -0.8499465, 0.11541693, 0.8424045, 0.5263401, 0.0046573877, 0.16748115, -0.10371438)
mass = 2.0
bone_name = "UpperArm.R"
joint_constraints/angular_limit_enabled = true
joint_constraints/angular_limit_upper = 90.0
joint_constraints/angular_limit_lower = -45.0
joint_constraints/angular_limit_bias = 0.3
joint_constraints/angular_limit_softness = 0.9
joint_constraints/angular_limit_relaxation = 1.0

[node name="CollisionShape3D" type="CollisionShape3D" parent="character/Armature/Skeleton3D/PhysicalBoneSimulator3D/Physical Bone UpperArm_R" unique_id=966097258]
transform = Transform3D(1, 0, 0, 0, 0, 1, 0, -1, 0, 0, 0, 0)
shape = SubResource("CapsuleShape3D_ntygi")

[node name="Physical Bone LowerArm_R" type="PhysicalBone3D" parent="character/Armature/Skeleton3D/PhysicalBoneSimulator3D" unique_id=1881415201]
transform = Transform3D(-0.40672088, 0.9093881, -0.08712921, -0.89202297, -0.37474176, 0.25271282, 0.19716305, 0.18050481, 0.96361035, 0.5691416, 0.885569, -0.22035113)
collision_layer = 0
joint_type = 3
joint_offset = Transform3D(1, 0, 0, 0, 1, 0, 0, 0, 1, 0.03346744, 0.041662812, 0.3579641)
body_offset = Transform3D(0.979741, -0.071511745, -0.18706836, -0.04008635, 0.84514886, -0.5330266, 0.19621812, 0.5297266, 0.82515985, 0.03715372, 0.15693472, -0.32401448)
mass = 2.0
bone_name = "LowerArm.R"
joint_constraints/angular_limit_enabled = true
joint_constraints/angular_limit_upper = 90.0
joint_constraints/angular_limit_lower = -45.0
joint_constraints/angular_limit_bias = 0.3
joint_constraints/angular_limit_softness = 0.9
joint_constraints/angular_limit_relaxation = 1.0

[node name="CollisionShape3D" type="CollisionShape3D" parent="character/Armature/Skeleton3D/PhysicalBoneSimulator3D/Physical Bone LowerArm_R" unique_id=1562959602]
transform = Transform3D(1, 0, 0, 0, 0, 1, 0, -1, 0, 0, 0, 0)
shape = SubResource("CapsuleShape3D_8us64")

[node name="Physical Bone UpperLeg_R" type="PhysicalBone3D" parent="character/Armature/Skeleton3D/PhysicalBoneSimulator3D" unique_id=459498679]
transform = Transform3D(-0.9532663, -0.013938614, -0.3018098, -0.285368, -0.28657782, 0.91457, -0.099239826, 0.9579556, 0.26920733, 0.18478641, 0.500666, 0.0029082857)
collision_layer = 0
joint_type = 3
joint_offset = Transform3D(1, 0, 0, 0, 1, 0, 0, 0, 1, -7.504423e-08, 3.965106e-07, 0.21485196)
body_offset = Transform3D(0.99504864, 0.0940029, 0.032297354, 0.032829463, -0.004119098, -0.99945265, -0.09381834, 0.9955636, -0.0071847737, -0.006939113, 0.21473438, 0.0015432611)
mass = 4.0
bone_name = "UpperLeg.R"
joint_constraints/angular_limit_enabled = true
joint_constraints/angular_limit_upper = 24.999996
joint_constraints/angular_limit_lower = -24.999996
joint_constraints/angular_limit_bias = 0.3
joint_constraints/angular_limit_softness = 0.9
joint_constraints/angular_limit_relaxation = 1.0

[node name="CollisionShape3D" type="CollisionShape3D" parent="character/Armature/Skeleton3D/PhysicalBoneSimulator3D/Physical Bone UpperLeg_R" unique_id=1984658570]
transform = Transform3D(1, 0, 0, 0, 0, 1, 0, -1, 0, 0, 0, 0)
shape = SubResource("CapsuleShape3D_7a75t")

[node name="Physical Bone LowerLeg_R" type="PhysicalBone3D" parent="character/Armature/Skeleton3D/PhysicalBoneSimulator3D" unique_id=1640093645]
transform = Transform3D(-0.98381525, -0.15744048, -0.08555789, -0.14929122, 0.45614395, 0.87729406, -0.0990949, 0.87586826, -0.47226584, 0.26349688, 0.1619636, 0.02162389)
collision_layer = 0
joint_type = 3
joint_offset = Transform3D(1, 0, 0, 0, 1, 0, 0, 0, 1, 0.014067369, -0.0020385785, 0.16178745)
body_offset = Transform3D(0.99506694, 0.08957765, -0.042655922, -0.04339174, 0.0062849224, -0.9990386, -0.089223504, 0.99596024, 0.010140717, -0.0069141686, 0.16225511, 0.0016448423)
mass = 4.0
bone_name = "LowerLeg.R"
joint_constraints/angular_limit_enabled = true
joint_constraints/angular_limit_upper = 24.999996
joint_constraints/angular_limit_lower = -24.999996
joint_constraints/angular_limit_bias = 0.3
joint_constraints/angular_limit_softness = 0.9
joint_constraints/angular_limit_relaxation = 1.0

[node name="CollisionShape3D" type="CollisionShape3D" parent="character/Armature/Skeleton3D/PhysicalBoneSimulator3D/Physical Bone LowerLeg_R" unique_id=1653509457]
transform = Transform3D(1, 0, 0, 0, 0, 1, 0, -1, 0, 0, 0, 0)
shape = SubResource("CapsuleShape3D_wb7e6")

[node name="Physical Bone UpperArm_L" type="PhysicalBone3D" parent="character/Armature/Skeleton3D/PhysicalBoneSimulator3D" unique_id=1632498664]
transform = Transform3D(-0.15321544, -0.73361385, 0.6620693, 0.97524387, -0.0041485387, 0.22109315, -0.15945038, 0.6795539, 0.71608806, -0.35160366, 1.0546508, -0.10663365)
collision_layer = 0
joint_type = 3
joint_offset = Transform3D(1, 0, 0, 0, 1, 0, 0, 0, 1, 2.30968e-06, -8.866191e-07, 0.19704925)
body_offset = Transform3D(0.94281584, 0.31989256, -0.0936351, -0.32445127, 0.8164345, -0.4776678, -0.07635543, 0.48073268, 0.87353665, 0.01844883, 0.09412554, -0.17212912)
mass = 4.0
bone_name = "UpperArm.L"
joint_constraints/angular_limit_enabled = true
joint_constraints/angular_limit_upper = 90.0
joint_constraints/angular_limit_lower = -45.0
joint_constraints/angular_limit_bias = 0.3
joint_constraints/angular_limit_softness = 0.9
joint_constraints/angular_limit_relaxation = 1.0

[node name="CollisionShape3D" type="CollisionShape3D" parent="character/Armature/Skeleton3D/PhysicalBoneSimulator3D/Physical Bone UpperArm_L" unique_id=1098494141]
transform = Transform3D(1, 0, 0, 0, 0, 1, 0, -1, 0, 0, 0, 0)
shape = SubResource("CapsuleShape3D_frauy")

[node name="Physical Bone LowerArm_L" type="PhysicalBone3D" parent="character/Armature/Skeleton3D/PhysicalBoneSimulator3D" unique_id=1459078601]
transform = Transform3D(-0.13974777, -0.8887466, -0.4365777, 0.98688215, -0.16100603, 0.011862704, -0.08083458, -0.42919296, 0.89958835, -0.4170996, 1.0093255, -0.38159546)
collision_layer = 0
joint_type = 3
joint_offset = Transform3D(1, 0, 0, 0, 1, 0, 0, 0, 1, -0.09950471, -0.08164601, 0.5304826)
body_offset = Transform3D(0.9451916, 0.25345138, 0.20585437, -0.264204, 0.9641147, 0.026072383, -0.19185907, -0.07903081, 0.9782355, 0.005542159, 0.038595635, -0.54448026)
mass = 4.0
bone_name = "LowerArm.L"
joint_constraints/angular_limit_enabled = true
joint_constraints/angular_limit_upper = 90.0
joint_constraints/angular_limit_lower = -45.0
joint_constraints/angular_limit_bias = 0.3
joint_constraints/angular_limit_softness = 0.9
joint_constraints/angular_limit_relaxation = 1.0

[node name="CollisionShape3D" type="CollisionShape3D" parent="character/Armature/Skeleton3D/PhysicalBoneSimulator3D/Physical Bone LowerArm_L" unique_id=2139115591]
transform = Transform3D(1, 0, 0, 0, 0, 1, 0, -1, 0, 0, 0, 0)
shape = SubResource("CapsuleShape3D_k6e44")

[node name="Physical Bone UpperLeg_L" type="PhysicalBone3D" parent="character/Armature/Skeleton3D/PhysicalBoneSimulator3D" unique_id=1531880812]
transform = Transform3D(-0.9532666, 0.013935855, 0.30180874, 0.28536755, -0.28657934, 0.9145696, 0.09923746, 0.9579551, 0.26920968, -0.18478507, 0.5006678, 0.0029101707)
collision_layer = 0
joint_type = 3
joint_offset = Transform3D(1, 0, 0, 0, 1, 0, 0, 0, 1, 4.128524e-07, -1.416076e-06, 0.2148494)
body_offset = Transform3D(0.99504894, -0.094000675, -0.03229649, -0.03282836, -0.0041168034, -0.9994527, 0.0938162, 0.9955639, -0.00718233, 0.0069383383, 0.21473184, 0.0015444905)
mass = 4.0
bone_name = "UpperLeg.L"
joint_constraints/angular_limit_enabled = true
joint_constraints/angular_limit_upper = 24.999996
joint_constraints/angular_limit_lower = -24.999996
joint_constraints/angular_limit_bias = 0.3
joint_constraints/angular_limit_softness = 0.9
joint_constraints/angular_limit_relaxation = 1.0

[node name="CollisionShape3D" type="CollisionShape3D" parent="character/Armature/Skeleton3D/PhysicalBoneSimulator3D/Physical Bone UpperLeg_L" unique_id=785125314]
transform = Transform3D(1, 0, 0, 0, 0, 1, 0, -1, 0, 0, 0, 0)
shape = SubResource("CapsuleShape3D_k8dtq")

[node name="Physical Bone LowerLeg_L" type="PhysicalBone3D" parent="character/Armature/Skeleton3D/PhysicalBoneSimulator3D" unique_id=191693473]
transform = Transform3D(-0.9838152, 0.1574413, 0.08555663, 0.14929032, 0.45614272, 0.87729484, 0.099096395, 0.8758688, -0.4722646, -0.26349688, 0.16195813, 0.021626156)
collision_layer = 0
joint_type = 3
joint_offset = Transform3D(1, 0, 0, 0, 1, 0, 0, 0, 1, -0.014067006, -0.0020382646, 0.16179328)
body_offset = Transform3D(0.99506676, -0.08957865, 0.04265728, 0.04339324, 0.0062861443, -0.99903846, 0.0892244, 0.9959602, 0.010142118, 0.006913364, 0.16226093, 0.0016442239)
mass = 4.0
bone_name = "LowerLeg.L"
joint_constraints/angular_limit_enabled = true
joint_constraints/angular_limit_upper = 24.999996
joint_constraints/angular_limit_lower = -24.999996
joint_constraints/angular_limit_bias = 0.3
joint_constraints/angular_limit_softness = 0.9
joint_constraints/angular_limit_relaxation = 1.0

[node name="CollisionShape3D" type="CollisionShape3D" parent="character/Armature/Skeleton3D/PhysicalBoneSimulator3D/Physical Bone LowerLeg_L" unique_id=1738490344]
transform = Transform3D(1, 0, 0, 0, 0, 1, 0, -1, 0, 0, 0, 0)
shape = SubResource("CapsuleShape3D_fw75e")

[node name="AnimationPlayer" parent="character" index="1" unique_id=1295934180]
autoplay = &"idle"

[node name="EquipmentComponent" parent="." unique_id=2139399618 node_paths=PackedStringArray("weapon_placeholder", "weapon_reach_raycast", "weapon_spawn_position") instance=ExtResource("3_ewb0t")]
unique_name_in_owner = true
weapon_data = ExtResource("4_lahws")
weapon_placeholder = NodePath("../character/Armature/Skeleton3D/BoneAttachment3D/WeaponPlaceholder")
weapon_reach_raycast = NodePath("../WeaponReachRaycast")
weapon_spawn_position = NodePath("../WeaponSpawnPosition")

[node name="WeaponSpawnPosition" type="Node3D" parent="." unique_id=878198148]
transform = Transform3D(1, 0, 0, 0, 1, 0, 0, 0, 1, 0.4, 1, -0.5)

[node name="PlayerDetectionArea" type="Area3D" parent="." unique_id=1852496352]
unique_name_in_owner = true
collision_layer = 0
collision_mask = 2

[node name="CollisionShape3D" type="CollisionShape3D" parent="PlayerDetectionArea" unique_id=198789498]
shape = SubResource("SphereShape3D_lahws")

[node name="WeaponReachRaycast" type="RayCast3D" parent="." unique_id=402149503]
unique_name_in_owner = true
transform = Transform3D(1, 0, 0, 0, 1, 0, 0, 0, 1, 0, 0.9, 0)
target_position = Vector3(0, 0, -2)
collision_mask = 2

[node name="HealthComponent" parent="." unique_id=1052761881 instance=ExtResource("6_yjp8u")]
unique_name_in_owner = true
max_life = 8
current_life = 8

[node name="NavigationAgent3D" type="NavigationAgent3D" parent="." unique_id=298498021]
unique_name_in_owner = true

[editable path="character"]
