[gd_scene format=3 uid="uid://cty2xvbejnvbg"]

[ext_resource type="PackedScene" uid="uid://qnkjy86a0qsq" path="res://assets/meshes/characters/voxel_goblin_32px_rig.glb" id="1_jcgx1"]
[ext_resource type="Script" uid="uid://ba2m0b7xtyxb1" path="res://scenes/characters/enemies/enemy.gd" id="1_lahws"]
[ext_resource type="PackedScene" uid="uid://dmfg86jn8qjol" path="res://scenes/characters/component/equipment_component.tscn" id="3_ewb0t"]
[ext_resource type="Resource" uid="uid://bmre07o38bl3s" path="res://data/weapons/shortsword.tres" id="4_lahws"]
[ext_resource type="Resource" uid="uid://dwwgg8a4e5a5o" path="res://data/shields/buckler.tres" id="5_cyclm"]
[ext_resource type="PackedScene" uid="uid://d2mdkf8ja46kr" path="res://scenes/characters/component/health_component.tscn" id="6_yjp8u"]
[ext_resource type="PackedScene" uid="uid://dbh0cjexla54w" path="res://scenes/ui/stat_indicator.tscn" id="7_cyclm"]

[sub_resource type="CapsuleShape3D" id="CapsuleShape3D_ik1ic"]
radius = 0.25
height = 1.7

[sub_resource type="CapsuleShape3D" id="CapsuleShape3D_yjp8u"]
radius = 0.059700824
height = 0.5970082

[sub_resource type="CapsuleShape3D" id="CapsuleShape3D_cyclm"]
radius = 0.03569535
height = 0.3569535

[sub_resource type="CapsuleShape3D" id="CapsuleShape3D_ntygi"]
radius = 0.039409686
height = 0.39409685

[sub_resource type="CapsuleShape3D" id="CapsuleShape3D_8us64"]
radius = 0.029757759
height = 0.2975776

[sub_resource type="CapsuleShape3D" id="CapsuleShape3D_7a75t"]
radius = 0.042970054
height = 0.42970052

[sub_resource type="CapsuleShape3D" id="CapsuleShape3D_wb7e6"]
radius = 0.03241983
height = 0.3241983

[sub_resource type="CapsuleShape3D" id="CapsuleShape3D_frauy"]
radius = 0.039409686
height = 0.39409685

[sub_resource type="CapsuleShape3D" id="CapsuleShape3D_k6e44"]
radius = 0.029757759
height = 0.2975776

[sub_resource type="CapsuleShape3D" id="CapsuleShape3D_k8dtq"]
radius = 0.042970054
height = 0.42970052

[sub_resource type="CapsuleShape3D" id="CapsuleShape3D_fw75e"]
radius = 0.03241983
height = 0.3241983

[sub_resource type="StandardMaterial3D" id="StandardMaterial3D_cyclm"]
albedo_color = Color(0.4, 0.6, 0.3, 1)
backlight_enabled = true
backlight = Color(0, 0.8141029, 3.85046e-06, 1)
texture_filter = 0

[sub_resource type="SphereShape3D" id="SphereShape3D_lahws"]
radius = 2.5

[node name="Goblin" type="CharacterBody3D"]
base_material = SubResource("StandardMaterial3D_cyclm")
collision_layer = 4
collision_mask = 103
script = ExtResource("1_lahws")
duration_between_attacks = 2000
duration_stun = 2500
speed = 2.0

[node name="CollisionShape" type="CollisionShape3D" parent="."]
unique_name_in_owner = true
transform = Transform3D(1, 0, 0, 0, 1, 0, 0, 0, 1, 0, 0.85, 0)
shape = SubResource("CapsuleShape3D_ik1ic")

[node name="character" parent="." instance=ExtResource("1_jcgx1")]

[node name="WeaponBoneAttachment" type="BoneAttachment3D" parent="character/voxel_goblin_32px_scale_height_42px/VoxelHumanoidRig/Skeleton3D"]
bone_name = "Hand.R"

[node name="WeaponPlaceholder" type="Node3D" parent="character/voxel_goblin_32px_scale_height_42px/VoxelHumanoidRig/Skeleton3D/WeaponBoneAttachment"]
scale = Vector3(0.45, 0.45, 0.45)

[node name="PhysicalBoneSimulator3D" type="PhysicalBoneSimulator3D" parent="character/voxel_goblin_32px_scale_height_42px/VoxelHumanoidRig/Skeleton3D"]
unique_name_in_owner = true

[node name="Physical Bone Torso" type="PhysicalBone3D" parent="character/voxel_goblin_32px_scale_height_42px/VoxelHumanoidRig/Skeleton3D/PhysicalBoneSimulator3D"]
unique_name_in_owner = true
collision_layer = 0
joint_type = 3
joint_offset = Transform3D(1, 0, 0, 0, 1, 0, 0, 0, 1, 8.0652535e-07, -4.8205256e-06, 0.29851568)
body_offset = Transform3D(0.99731886, -0.060924724, 0.040536743, 0.025094114, -0.23562554, -0.97152, 0.06874108, 0.9699325, -0.23346496, -0.01210195, 0.29001278, 0.06969757)
mass = 12.0
bone_name = "Torso"
joint_constraints/angular_limit_enabled = true
joint_constraints/angular_limit_upper = 24.999996
joint_constraints/angular_limit_lower = -24.999996
joint_constraints/angular_limit_bias = 0.3
joint_constraints/angular_limit_softness = 0.9
joint_constraints/angular_limit_relaxation = 1.0

[node name="CollisionShape3D" type="CollisionShape3D" parent="character/voxel_goblin_32px_scale_height_42px/VoxelHumanoidRig/Skeleton3D/PhysicalBoneSimulator3D/Physical Bone Torso"]
transform = Transform3D(1, 0, 0, 0, 0, 1, 0, -1, 0, 0, 0, 0)
shape = SubResource("CapsuleShape3D_yjp8u")

[node name="Physical Bone Head" type="PhysicalBone3D" parent="character/voxel_goblin_32px_scale_height_42px/VoxelHumanoidRig/Skeleton3D/PhysicalBoneSimulator3D"]
unique_name_in_owner = true
collision_layer = 0
joint_type = 2
joint_offset = Transform3D(1, 0, 0, 0, 1, 0, 0, 0, 1, 0.023238346, -0.11424885, 0.09656418)
body_offset = Transform3D(0.9999667, -0.008157959, -0.00037537634, -0.0005902734, -0.026355535, -0.9996528, 0.008145232, 0.9996195, -0.026359439, -0.02413336, 0.09353328, 0.11656147)
mass = 4.0
bone_name = "Head"
joint_constraints/swing_span = 39.999985
joint_constraints/twist_span = 19.999992
joint_constraints/bias = 0.3
joint_constraints/softness = 0.8
joint_constraints/relaxation = 1.0

[node name="CollisionShape3D" type="CollisionShape3D" parent="character/voxel_goblin_32px_scale_height_42px/VoxelHumanoidRig/Skeleton3D/PhysicalBoneSimulator3D/Physical Bone Head"]
transform = Transform3D(1, 0, 0, 0, 0, 1, 0, -1, 0, 0, 0, 0)
shape = SubResource("CapsuleShape3D_cyclm")

[node name="Physical Bone UpperArm_R" type="PhysicalBone3D" parent="character/voxel_goblin_32px_scale_height_42px/VoxelHumanoidRig/Skeleton3D/PhysicalBoneSimulator3D"]
unique_name_in_owner = true
collision_layer = 0
joint_type = 3
joint_offset = Transform3D(1, 0, 0, 0, 1, 0, 0, 0, 1, -0.019435102, -0.073841244, 0.095844775)
body_offset = Transform3D(0.99710613, 0.02524601, -0.071711466, 0.058683045, 0.34410617, 0.9370952, 0.048334204, -0.9385914, 0.34162876, 0.028116226, -0.06326595, -0.10111072)
mass = 2.0
bone_name = "UpperArm.R"
joint_constraints/angular_limit_enabled = true
joint_constraints/angular_limit_upper = 90.0
joint_constraints/angular_limit_lower = -45.0
joint_constraints/angular_limit_bias = 0.3
joint_constraints/angular_limit_softness = 0.9
joint_constraints/angular_limit_relaxation = 1.0

[node name="CollisionShape3D" type="CollisionShape3D" parent="character/voxel_goblin_32px_scale_height_42px/VoxelHumanoidRig/Skeleton3D/PhysicalBoneSimulator3D/Physical Bone UpperArm_R"]
transform = Transform3D(1, 0, 0, 0, 0, 1, 0, -1, 0, 0, 0, 0)
shape = SubResource("CapsuleShape3D_ntygi")

[node name="Physical Bone LowerArm_R" type="PhysicalBone3D" parent="character/voxel_goblin_32px_scale_height_42px/VoxelHumanoidRig/Skeleton3D/PhysicalBoneSimulator3D"]
unique_name_in_owner = true
collision_layer = 0
joint_type = 3
joint_offset = Transform3D(1, 0, 0, 0, 1, 0, 0, 0, 1, 0.02262181, -0.3998976, 0.33718422)
body_offset = Transform3D(0.9703747, -0.22350045, -0.09176495, 0.04200209, -0.21797618, 0.9750501, -0.23792654, -0.95001805, -0.20213097, -0.080387235, -0.41688985, -0.30637226)
mass = 2.0
bone_name = "LowerArm.R"
joint_constraints/angular_limit_enabled = true
joint_constraints/angular_limit_upper = 90.0
joint_constraints/angular_limit_lower = -45.0
joint_constraints/angular_limit_bias = 0.3
joint_constraints/angular_limit_softness = 0.9
joint_constraints/angular_limit_relaxation = 1.0

[node name="CollisionShape3D" type="CollisionShape3D" parent="character/voxel_goblin_32px_scale_height_42px/VoxelHumanoidRig/Skeleton3D/PhysicalBoneSimulator3D/Physical Bone LowerArm_R"]
transform = Transform3D(1, 0, 0, 0, 0, 1, 0, -1, 0, 0, 0, 0)
shape = SubResource("CapsuleShape3D_8us64")

[node name="Physical Bone UpperLeg_R" type="PhysicalBone3D" parent="character/voxel_goblin_32px_scale_height_42px/VoxelHumanoidRig/Skeleton3D/PhysicalBoneSimulator3D"]
unique_name_in_owner = true
collision_layer = 0
joint_type = 3
joint_offset = Transform3D(1, 0, 0, 0, 1, 0, 0, 0, 1, -0.009615116, -0.030413453, 0.18988848)
body_offset = Transform3D(-0.14171612, 0.9236434, 0.3560958, 0.3958788, 0.3825878, -0.8348097, -0.90730256, 0.022664726, -0.41986877, -0.04088992, 0.17396298, 0.07169373)
mass = 4.0
bone_name = "UpperLeg.R"
joint_constraints/angular_limit_enabled = true
joint_constraints/angular_limit_upper = 24.999996
joint_constraints/angular_limit_lower = -24.999996
joint_constraints/angular_limit_bias = 0.3
joint_constraints/angular_limit_softness = 0.9
joint_constraints/angular_limit_relaxation = 1.0

[node name="CollisionShape3D" type="CollisionShape3D" parent="character/voxel_goblin_32px_scale_height_42px/VoxelHumanoidRig/Skeleton3D/PhysicalBoneSimulator3D/Physical Bone UpperLeg_R"]
transform = Transform3D(1, 0, 0, 0, 0, 1, 0, -1, 0, 0, 0, 0)
shape = SubResource("CapsuleShape3D_7a75t")

[node name="Physical Bone LowerLeg_R" type="PhysicalBone3D" parent="character/voxel_goblin_32px_scale_height_42px/VoxelHumanoidRig/Skeleton3D/PhysicalBoneSimulator3D"]
unique_name_in_owner = true
collision_layer = 0
joint_type = 3
joint_offset = Transform3D(1, 0, 0, 0, 1, 0, 0, 0, 1, 0.1610462, 0.13530654, 0.084722534)
body_offset = Transform3D(-0.13976355, 0.90397775, -0.40409857, -0.4968403, -0.4170332, -0.7610746, -0.8565149, 0.094401285, 0.5074172, -0.06556946, 0.20092171, 0.0821757)
mass = 4.0
bone_name = "LowerLeg.R"
joint_constraints/angular_limit_enabled = true
joint_constraints/angular_limit_upper = 24.999996
joint_constraints/angular_limit_lower = -24.999996
joint_constraints/angular_limit_bias = 0.3
joint_constraints/angular_limit_softness = 0.9
joint_constraints/angular_limit_relaxation = 1.0

[node name="CollisionShape3D" type="CollisionShape3D" parent="character/voxel_goblin_32px_scale_height_42px/VoxelHumanoidRig/Skeleton3D/PhysicalBoneSimulator3D/Physical Bone LowerLeg_R"]
transform = Transform3D(1, 0, 0, 0, 0, 1, 0, -1, 0, 0, 0, 0)
shape = SubResource("CapsuleShape3D_wb7e6")

[node name="Physical Bone UpperArm_L" type="PhysicalBone3D" parent="character/voxel_goblin_32px_scale_height_42px/VoxelHumanoidRig/Skeleton3D/PhysicalBoneSimulator3D"]
unique_name_in_owner = true
collision_layer = 0
joint_type = 3
joint_offset = Transform3D(1, 0, 0, 0, 1, 0, 0, 0, 1, 0.041843787, 0.04479679, 0.12018925)
body_offset = Transform3D(0.8277112, 0.17862198, 0.53196716, 0.47513294, -0.7274686, -0.49501365, 0.29856902, 0.6624832, -0.68700266, -0.106572986, 0.07220221, 0.040399954)
mass = 4.0
bone_name = "UpperArm.L"
joint_constraints/angular_limit_enabled = true
joint_constraints/angular_limit_upper = 90.0
joint_constraints/angular_limit_lower = -45.0
joint_constraints/angular_limit_bias = 0.3
joint_constraints/angular_limit_softness = 0.9
joint_constraints/angular_limit_relaxation = 1.0

[node name="CollisionShape3D" type="CollisionShape3D" parent="character/voxel_goblin_32px_scale_height_42px/VoxelHumanoidRig/Skeleton3D/PhysicalBoneSimulator3D/Physical Bone UpperArm_L"]
transform = Transform3D(1, 0, 0, 0, 0, 1, 0, -1, 0, 0, 0, 0)
shape = SubResource("CapsuleShape3D_frauy")

[node name="Physical Bone LowerArm_L" type="PhysicalBone3D" parent="character/voxel_goblin_32px_scale_height_42px/VoxelHumanoidRig/Skeleton3D/PhysicalBoneSimulator3D"]
unique_name_in_owner = true
collision_layer = 0
joint_type = 3
joint_offset = Transform3D(1, 0, 0, 0, 1, 0, 0, 0, 1, -0.11406337, 0.12699741, 0.34148172)
body_offset = Transform3D(0.8901801, -0.2800761, 0.35935706, 0.3840955, 0.88555384, -0.26127714, -0.24505234, 0.3706111, 0.8958779, 0.014392018, 0.020569548, -0.38094407)
mass = 4.0
bone_name = "LowerArm.L"
joint_constraints/angular_limit_enabled = true
joint_constraints/angular_limit_upper = 90.0
joint_constraints/angular_limit_lower = -45.0
joint_constraints/angular_limit_bias = 0.3
joint_constraints/angular_limit_softness = 0.9
joint_constraints/angular_limit_relaxation = 1.0

[node name="CollisionShape3D" type="CollisionShape3D" parent="character/voxel_goblin_32px_scale_height_42px/VoxelHumanoidRig/Skeleton3D/PhysicalBoneSimulator3D/Physical Bone LowerArm_L"]
transform = Transform3D(1, 0, 0, 0, 0, 1, 0, -1, 0, 0, 0, 0)
shape = SubResource("CapsuleShape3D_k6e44")

[node name="Physical Bone UpperLeg_L" type="PhysicalBone3D" parent="character/voxel_goblin_32px_scale_height_42px/VoxelHumanoidRig/Skeleton3D/PhysicalBoneSimulator3D"]
unique_name_in_owner = true
collision_layer = 0
joint_type = 3
joint_offset = Transform3D(1, 0, 0, 0, 1, 0, 0, 0, 1, -0.0005216673, -0.012568095, 0.24493352)
body_offset = Transform3D(-0.122994624, -0.93102545, -0.34360656, -0.37885246, 0.36406225, -0.8508406, 0.91724795, 0.025527328, -0.3974987, 0.072395384, 0.21277732, 0.09816007)
mass = 4.0
bone_name = "UpperLeg.L"
joint_constraints/angular_limit_enabled = true
joint_constraints/angular_limit_upper = 24.999996
joint_constraints/angular_limit_lower = -24.999996
joint_constraints/angular_limit_bias = 0.3
joint_constraints/angular_limit_softness = 0.9
joint_constraints/angular_limit_relaxation = 1.0

[node name="CollisionShape3D" type="CollisionShape3D" parent="character/voxel_goblin_32px_scale_height_42px/VoxelHumanoidRig/Skeleton3D/PhysicalBoneSimulator3D/Physical Bone UpperLeg_L"]
transform = Transform3D(1, 0, 0, 0, 0, 1, 0, -1, 0, 0, 0, 0)
shape = SubResource("CapsuleShape3D_k8dtq")

[node name="Physical Bone LowerLeg_L" type="PhysicalBone3D" parent="character/voxel_goblin_32px_scale_height_42px/VoxelHumanoidRig/Skeleton3D/PhysicalBoneSimulator3D"]
unique_name_in_owner = true
collision_layer = 0
joint_type = 3
joint_offset = Transform3D(1, 0, 0, 0, 1, 0, 0, 0, 1, -0.16578814, 0.1455308, 0.07554359)
body_offset = Transform3D(-0.12369042, -0.88230354, 0.4541403, 0.51134115, -0.44888562, -0.7328252, 0.8504304, 0.14157689, 0.50668037, 0.07358855, 0.20546123, 0.082111016)
mass = 4.0
bone_name = "LowerLeg.L"
joint_constraints/angular_limit_enabled = true
joint_constraints/angular_limit_upper = 24.999996
joint_constraints/angular_limit_lower = -24.999996
joint_constraints/angular_limit_bias = 0.3
joint_constraints/angular_limit_softness = 0.9
joint_constraints/angular_limit_relaxation = 1.0

[node name="CollisionShape3D" type="CollisionShape3D" parent="character/voxel_goblin_32px_scale_height_42px/VoxelHumanoidRig/Skeleton3D/PhysicalBoneSimulator3D/Physical Bone LowerLeg_L"]
transform = Transform3D(1, 0, 0, 0, 0, 1, 0, -1, 0, 0, 0, 0)
shape = SubResource("CapsuleShape3D_fw75e")

[node name="ShieldBoneAttachment" type="BoneAttachment3D" parent="character/voxel_goblin_32px_scale_height_42px/VoxelHumanoidRig/Skeleton3D"]
bone_name = "Hand.L"

[node name="ShieldPlaceholder" type="Node3D" parent="character/voxel_goblin_32px_scale_height_42px/VoxelHumanoidRig/Skeleton3D/ShieldBoneAttachment"]
transform = Transform3D(1, 0, 0, 0, 0.8660254, 0.5, 0, -0.5, 0.8660254, 0, 0, 0)
scale = Vector3(0.4, 0.4, 0.4)

[node name="AnimationPlayer" parent="character" index="1"]
autoplay = &"idle"

[node name="EquipmentComponent" parent="." node_paths=PackedStringArray("shield_placeholder", "weapon_placeholder", "weapon_reach_raycast", "weapon_spawn_position") instance=ExtResource("3_ewb0t")]
unique_name_in_owner = true
shield_data = ExtResource("5_cyclm")
shield_placeholder = NodePath("../character/voxel_goblin_32px_scale_height_42px/VoxelHumanoidRig/Skeleton3D/ShieldBoneAttachment/ShieldPlaceholder")
weapon_data = ExtResource("4_lahws")
weapon_placeholder = NodePath("../character/voxel_goblin_32px_scale_height_42px/VoxelHumanoidRig/Skeleton3D/WeaponBoneAttachment/WeaponPlaceholder")
weapon_reach_raycast = NodePath("../WeaponReachRaycast")
weapon_spawn_position = NodePath("../WeaponSpawnPosition")

[node name="WeaponSpawnPosition" type="Node3D" parent="."]
transform = Transform3D(1, 0, 0, 0, 1, 0, 0, 0, 1, 0.4, 1, -0.5)

[node name="PlayerDetectionArea" type="Area3D" parent="."]
unique_name_in_owner = true
collision_layer = 0
collision_mask = 2

[node name="CollisionShape3D" type="CollisionShape3D" parent="PlayerDetectionArea"]
shape = SubResource("SphereShape3D_lahws")

[node name="WeaponReachRaycast" type="RayCast3D" parent="."]
unique_name_in_owner = true
transform = Transform3D(1, 0, 0, 0, 1, 0, 0, 0, 1, 0, 0.9, 0)
target_position = Vector3(0, 0, -2)
collision_mask = 2

[node name="HealthComponent" parent="." instance=ExtResource("6_yjp8u")]
unique_name_in_owner = true
max_life = 8
current_life = 8

[node name="NavigationAgent3D" type="NavigationAgent3D" parent="."]
unique_name_in_owner = true

[node name="ActionAudioStreamPlayer" type="AudioStreamPlayer3D" parent="."]
unique_name_in_owner = true
bus = &"SFX"

[node name="VocalAudioStreamPlayer" type="AudioStreamPlayer3D" parent="."]
unique_name_in_owner = true
bus = &"SFX"

[editable path="character"]
